>GM.5.2.Sox.0003
0.0661	0.6089	0.1553	0.1697
0.1267	0.3526	0.0990	0.4217
0.7223	0.0246	0.0087	0.2444
0.0501	0.0073	0.0208	0.9218
0.0741	0.0009	0.0313	0.8937
0.0127	0.0270	0.9570	0.0032
0.1377	0.0000	0.0322	0.8300
0.1503	0.0634	0.0670	0.7193
>GM.5.2.Forkhead.0001
0.0474	0.5511	0.2626	0.1388
0.0397	0.2439	0.0116	0.7048
0.0213	0.2855	0.5971	0.0961
0.9884	0.0077	0.0039	0.0000
0.0077	0.0079	0.0236	0.9608
0.0000	0.0000	0.0000	1.0000
0.0000	0.0039	0.9903	0.0058
0.0000	0.0000	1.0000	0.0000
0.0492	0.5762	0.0118	0.3627
0.0098	0.3030	0.0574	0.6299
>GM.5.2.E2F.0002
0.0932	0.1462	0.7472	0.0134
0.0202	0.0131	0.9595	0.0072
0.0500	0.9038	0.0056	0.0406
0.0602	0.0072	0.8947	0.0378
0.0262	0.0527	0.9097	0.0114
0.0906	0.0233	0.8779	0.0082
0.7551	0.0206	0.2095	0.0148
0.6004	0.1587	0.2080	0.0328
>GM.5.2.Homeodomain_Paired_box.0001
0.5825	0.3923	0.0016	0.0236
0.8064	0.0597	0.1078	0.0261
0.2104	0.2894	0.2449	0.2552
0.0133	0.1487	0.0089	0.8291
0.0539	0.5903	0.3073	0.0485
0.8695	0.0210	0.0845	0.0250
0.4607	0.0319	0.0492	0.4582
0.0294	0.1283	0.8216	0.0206
0.0360	0.9336	0.0000	0.0305
0.1431	0.0184	0.7681	0.0704
0.0206	0.0203	0.0688	0.8904
0.2873	0.0220	0.6194	0.0712
0.9115	0.0071	0.0421	0.0393
0.8003	0.0763	0.0738	0.0496
>GM.5.2.Rel.0003
0.0103	0.0128	0.9151	0.0618
0.0004	0.0022	0.9948	0.0026
0.0012	0.0025	0.9329	0.0634
0.4018	0.0098	0.5460	0.0424
0.4780	0.2771	0.1262	0.1186
0.2063	0.0269	0.0052	0.7616
0.0176	0.0260	0.0233	0.9330
0.0017	0.1681	0.0140	0.8162
0.0088	0.9230	0.0014	0.0668
0.0136	0.9377	0.0010	0.0477
>GM.5.2.C2H2_ZF.0025
0.1251	0.0172	0.7442	0.1135
0.0689	0.2118	0.6171	0.1022
0.2657	0.4747	0.0436	0.2159
0.0921	0.0817	0.6768	0.1493
0.0047	0.9714	0.0069	0.0170
0.0075	0.0031	0.0023	0.9871
0.0294	0.1115	0.8544	0.0048
0.0481	0.0123	0.0580	0.8816
0.0010	0.9860	0.0015	0.0115
0.0021	0.9741	0.0017	0.0220
0.4449	0.0805	0.3516	0.1229
0.1791	0.1485	0.0940	0.5784
0.0304	0.0086	0.9484	0.0127
0.0021	0.0042	0.9923	0.0014
0.0060	0.0041	0.0023	0.9876
0.0711	0.1413	0.7309	0.0567
0.0034	0.9666	0.0161	0.0139
0.0090	0.0303	0.0077	0.9529
0.0489	0.0170	0.9101	0.0240
0.7426	0.0845	0.1522	0.0207
>GM.5.2.MADS_box.0003
0.1444	0.6833	0.0450	0.1274
0.0100	0.4368	0.0011	0.5520
0.6880	0.1172	0.0560	0.1388
0.6760	0.0311	0.1135	0.1794
0.8935	0.0102	0.0641	0.0322
0.8938	0.0051	0.0084	0.0927
0.9178	0.0030	0.0041	0.0751
0.0280	0.0128	0.0040	0.9551
0.9497	0.0012	0.0474	0.0017
0.1640	0.0582	0.7488	0.0290
>GM.5.2.bHLH.0028
0.7967	0.0000	0.1535	0.0498
0.8492	0.1227	0.0281	0.0000
0.0000	0.9726	0.0205	0.0068
1.0000	0.0000	0.0000	0.0000
0.0029	0.0770	0.9201	0.0000
0.0058	0.9734	0.0208	0.0000
0.0000	0.0000	0.0029	0.9971
0.0000	0.0000	0.9726	0.0274
0.0174	0.0581	0.0509	0.8735
0.0076	0.1130	0.0269	0.8525
>GM.5.2.Forkhead.0010
0.7155	0.0632	0.1693	0.0520
0.2507	0.1264	0.0000	0.6229
0.1356	0.0000	0.0000	0.8644
0.0000	0.0000	0.9999	0.0000
0.0000	0.0000	0.0000	0.9999
0.0000	0.0000	0.0000	0.9999
0.0000	0.0000	0.0000	0.9999
0.9480	0.0000	0.0520	0.0000
0.0000	0.0520	0.1987	0.7493
0.3139	0.0000	0.1693	0.5168
0.0592	0.1712	0.0000	0.7697
>GM.5.2.bHLH.0030
0.0856	0.0719	0.2471	0.5953
0.0035	0.9884	0.0051	0.0030
0.9815	0.0021	0.0098	0.0066
0.0020	0.9891	0.0048	0.0041
0.0061	0.0016	0.9893	0.0031
0.0040	0.0034	0.0036	0.9890
0.0014	0.0019	0.9921	0.0047
>GM.5.2.bHLH.0033
0.0680	0.9232	0.0038	0.0050
0.9168	0.0278	0.0303	0.0250
0.0018	0.9050	0.0321	0.0611
0.0518	0.0214	0.9251	0.0017
0.0348	0.0213	0.0263	0.9177
0.0007	0.0001	0.9914	0.0078
0.6252	0.2675	0.0426	0.0646
>GM.5.2.Forkhead.0013
0.0179	0.0009	0.0074	0.9738
0.0051	0.0091	0.9832	0.0026
0.0237	0.0068	0.0048	0.9646
0.0163	0.0148	0.0065	0.9623
0.0071	0.0000	0.0525	0.9404
0.9012	0.0264	0.0299	0.0425
0.0077	0.8382	0.0082	0.1459
0.2786	0.1465	0.0054	0.5695
0.0145	0.2293	0.0094	0.7469
0.5902	0.0063	0.0193	0.3842
0.5097	0.0763	0.3077	0.1063
0.0249	0.2992	0.6167	0.0593
>GM.5.2.Homeodomain.0048
0.0029	0.3161	0.0012	0.6798
0.6880	0.2527	0.0491	0.0102
0.9864	0.0083	0.0041	0.0012
0.0018	0.0090	0.0005	0.9887
0.2607	0.0634	0.0034	0.6725
0.8009	0.0035	0.0224	0.1732
>GM.5.2.Myb_SANT.0006
0.1005	0.0214	0.7125	0.1655
0.4666	0.0398	0.3399	0.1537
0.0768	0.8421	0.0423	0.0388
0.1729	0.5881	0.2250	0.0140
0.0193	0.0108	0.9075	0.0625
0.0158	0.0092	0.0423	0.9327
0.0181	0.0252	0.0097	0.9470
0.7021	0.0093	0.1613	0.1273
0.3912	0.1297	0.2638	0.2153
0.6030	0.0017	0.2397	0.1556
0.6852	0.0318	0.1617	0.1213
0.0581	0.9042	0.0135	0.0243
0.0750	0.6317	0.2641	0.0292
0.0171	0.0050	0.9758	0.0021
0.0029	0.0390	0.0580	0.9001
0.0334	0.0491	0.0214	0.8961
0.6156	0.0327	0.2255	0.1262
>GM.5.2.Nuclear_receptor.0030
0.0163	0.0000	0.0081	0.9756
0.0000	0.0000	0.9919	0.0081
0.0702	0.0338	0.0000	0.8960
0.1108	0.2473	0.1459	0.4959
0.0351	0.8515	0.0959	0.0175
0.2311	0.1446	0.0000	0.6243
>GM.5.2.CBF_NF-Y.0002
0.4911	0.0943	0.3880	0.0266
0.3196	0.0463	0.5387	0.0954
0.0006	0.9932	0.0022	0.0040
0.0043	0.9925	0.0021	0.0011
0.9887	0.0016	0.0012	0.0085
0.9812	0.0041	0.0139	0.0009
0.0026	0.0079	0.0031	0.9864
0.1082	0.5597	0.2991	0.0330
0.6034	0.0584	0.3328	0.0054
0.1508	0.1760	0.6143	0.0589
>GM.5.2.C2H2_ZF.0069
0.9788	0.0000	0.0191	0.0021
0.0127	0.0000	0.9852	0.0021
0.0148	0.0085	0.9703	0.0064
0.0254	0.8771	0.0106	0.0869
0.0127	0.8877	0.0064	0.0932
0.0148	0.1186	0.0170	0.8496
0.9555	0.0042	0.0339	0.0064
0.0403	0.0000	0.9597	0.0000
0.0191	0.0021	0.9788	0.0000
0.9873	0.0000	0.0085	0.0042
0.0064	0.0000	0.9873	0.0064
0.0212	0.0000	0.9682	0.0106
0.7479	0.0127	0.2309	0.0085
0.8453	0.1186	0.0085	0.0275
0.9386	0.0064	0.0085	0.0466
0.8136	0.0085	0.1568	0.0212
1.0000	0.0000	0.0000	0.0000
0.8962	0.0042	0.0996	0.0000
0.0085	0.0297	0.0064	0.9555
0.0148	0.0000	0.9830	0.0021
>GM.5.2.Ets.0016
0.7484	0.0053	0.2382	0.0081
0.0440	0.6411	0.1096	0.2053
0.8014	0.0062	0.0235	0.1690
0.0032	0.0032	0.0009	0.9927
0.0014	0.9895	0.0008	0.0083
0.0009	0.9943	0.0042	0.0006
0.0004	0.0010	0.8706	0.1281
0.0004	0.0340	0.9431	0.0224
0.0911	0.1083	0.4631	0.3375
0.1755	0.0337	0.0180	0.7728
>GM.5.2.CBF_NF-Y.0003
0.0000	0.6308	0.1287	0.2405
0.0000	0.0000	0.0000	1.0000
0.0000	0.0000	1.0000	0.0000
1.0000	0.0000	0.0000	0.0000
0.0000	0.0000	0.0000	1.0000
0.0000	0.0000	0.0000	1.0000
0.0000	0.0000	1.0000	0.0000
0.0000	0.0000	1.0000	0.0000
0.0000	0.4958	0.0000	0.5042
0.1202	0.1287	0.0000	0.7511
0.8387	0.0000	0.1613	0.0000
0.2405	0.3748	0.3847	0.0000
0.2405	0.2560	0.0000	0.5035
>GM.5.2.bZIP.0038
0.0718	0.0000	0.0462	0.8820
0.0923	0.0462	0.0974	0.7641
0.6411	0.0769	0.1641	0.1179
0.0256	0.1308	0.0923	0.7513
0.0923	0.0000	0.8564	0.0513
0.0000	0.4564	0.0000	0.5436
0.9025	0.0513	0.0000	0.0462
0.9538	0.0000	0.0000	0.0462
>GM.5.2.HSF.0004
0.0399	0.0288	0.9054	0.0259
0.9018	0.0295	0.0331	0.0356
0.8447	0.0354	0.0445	0.0753
0.1767	0.3244	0.2125	0.2863
0.2894	0.2028	0.3975	0.1103
0.0779	0.0329	0.0355	0.8537
0.0470	0.0184	0.0576	0.8770
0.0124	0.9548	0.0246	0.0082
0.0178	0.2338	0.1506	0.5978
0.6364	0.1229	0.2232	0.0175
0.0090	0.0275	0.9472	0.0163
0.8693	0.0505	0.0355	0.0446
0.7686	0.0678	0.0728	0.0909
>GM.5.2.C2H2_ZF.0123
0.5785	0.0605	0.0625	0.2985
0.1345	0.1185	0.1905	0.5565
0.0545	0.1345	0.0665	0.7445
0.0445	0.7345	0.0145	0.2065
0.9565	0.0105	0.0125	0.0205
0.0725	0.0345	0.2365	0.6565
0.0585	0.1825	0.6165	0.1425
0.6225	0.1245	0.1765	0.0765
0.7225	0.0325	0.1805	0.0645
0.1045	0.3365	0.0345	0.5245
0.1885	0.2385	0.0345	0.5385
0.1825	0.0025	0.7845	0.0305
0.0245	0.0125	0.9505	0.0125
0.1505	0.0745	0.7645	0.0105
0.0545	0.9245	0.0065	0.0145
0.8405	0.0205	0.0525	0.0865
0.0265	0.0725	0.8845	0.0165
0.0180	0.8400	0.0980	0.0440
0.6260	0.1940	0.0580	0.1220
>GM.5.2.bZIP.0045
0.0371	0.0309	0.0094	0.9226
0.0056	0.0196	0.8306	0.1442
0.8364	0.0100	0.0999	0.0536
0.0214	0.7427	0.0951	0.1407
0.1227	0.0652	0.7873	0.0248
0.0502	0.0484	0.0166	0.8848
0.0934	0.8740	0.0226	0.0100
0.9315	0.0110	0.0276	0.0299
>GM.5.2.Unknown.0027
0.0000	0.5445	0.4555	0.0000
0.0000	1.0000	0.0000	0.0000
0.6751	0.0000	0.0000	0.3249
0.0000	0.0000	1.0000	0.0000
0.3085	0.0000	0.6915	0.0000
0.1906	0.0000	0.5844	0.2250
0.1887	0.1978	0.6134	0.0000
0.2214	0.1379	0.4610	0.1797
0.1343	0.4828	0.3829	0.0000
0.3430	0.1742	0.2922	0.1906
0.1543	0.3811	0.4646	0.0000
>GM.5.2.STAT.0011
0.0000	0.0000	1.0000	0.0000
0.2481	0.0000	0.7519	0.0000
0.0000	0.1654	0.8346	0.0000
0.3383	0.2256	0.2180	0.2180
0.3684	0.2256	0.3308	0.0752
0.4361	0.0000	0.4060	0.1579
0.0000	0.0000	1.0000	0.0000
0.1805	0.0000	0.8195	0.0000
0.3383	0.3158	0.3459	0.0000
0.3835	0.0526	0.2406	0.3233
0.0000	0.0000	1.0000	0.0000
0.3459	0.1278	0.3083	0.2180
0.2180	0.1805	0.6015	0.0000
>GM.5.2.SAND.0004
0.6317	0.1739	0.1941	0.0002
0.0012	0.0062	0.9926	0.0001
0.0002	0.0002	0.9994	0.0002
0.1223	0.0002	0.7938	0.0837
>GM.5.2.Ets.0026
0.0534	0.7542	0.1845	0.0079
0.1437	0.8419	0.0084	0.0061
0.0026	0.0017	0.9945	0.0012
0.0029	0.0022	0.9932	0.0017
0.9917	0.0024	0.0031	0.0029
0.9766	0.0034	0.0032	0.0168
0.0974	0.0220	0.8750	0.0056
0.0406	0.1729	0.0332	0.7534
>GM.5.2.GATA.0012
0.0267	0.0137	0.9501	0.0095
0.9616	0.0092	0.0095	0.0197
0.0309	0.0095	0.0194	0.9401
0.8037	0.0322	0.0399	0.1243
0.6113	0.0620	0.2261	0.1006
>GM.5.2.T-box.0017
0.1982	0.0111	0.6318	0.1590
0.0362	0.2706	0.6700	0.0231
0.0332	0.0070	0.0040	0.9557
0.0010	0.0030	0.9547	0.0412
0.2113	0.0865	0.1318	0.5704
0.0362	0.1972	0.6298	0.1368
0.6036	0.0191	0.2485	0.1288
>GM.5.2.bZIP.0058
0.1000	0.1000	0.1000	0.7000
0.0000	0.2000	0.8000	0.0000
0.2000	0.7000	0.0000	0.1000
0.2000	0.0000	0.1000	0.7000
0.1000	0.1000	0.7000	0.1000
0.8000	0.0000	0.0000	0.2000
0.0000	0.0000	0.8000	0.2000
0.0000	0.0000	0.0000	1.0000
0.0000	1.0000	0.0000	0.0000
1.0000	0.0000	0.0000	0.0000
0.0000	0.2000	0.3000	0.5000
>GM.5.2.MADS_box.0013
0.0303	0.5515	0.2545	0.1636
0.0303	0.0000	0.2545	0.7152
0.0000	0.7455	0.0000	0.2545
0.0000	0.0000	0.0000	1.0000
1.0000	0.0000	0.0000	0.0000
0.9394	0.0000	0.0000	0.0606
1.0000	0.0000	0.0000	0.0000
1.0000	0.0000	0.0000	0.0000
0.9697	0.0000	0.0000	0.0303
0.0000	0.0000	0.0000	1.0000
1.0000	0.0000	0.0000	0.0000
0.9697	0.0303	0.0000	0.0000
0.0000	1.0000	0.0000	0.0000
0.0000	0.4788	0.0000	0.5212
0.0303	0.7758	0.0000	0.1939
0.0909	0.3576	0.0000	0.5515
>GM.5.2.C2H2_ZF.0164
0.0000	0.6944	0.1111	0.1944
0.0972	0.5139	0.0000	0.3889
0.0278	0.3194	0.0139	0.6389
0.0278	0.7500	0.0000	0.2222
0.1111	0.8333	0.0000	0.0556
0.1389	0.0000	0.0000	0.8611
0.0139	0.8333	0.0556	0.0972
0.0278	0.6666	0.0000	0.3056
0.0695	0.3333	0.1667	0.4305
0.0000	0.6528	0.0278	0.3194
0.0000	0.9166	0.0000	0.0833
0.1389	0.0556	0.0000	0.8055
0.0417	0.4305	0.2778	0.2500
0.0000	0.6944	0.0417	0.2639
0.0000	0.3194	0.0000	0.6805
>GM.5.2.E2F.0016
0.0361	0.0921	0.8715	0.0003
0.0842	0.8964	0.0001	0.0193
0.0007	0.0000	0.9802	0.0191
0.0170	0.6176	0.3427	0.0227
>GM.5.2.C2H2_ZF.0190
0.2160	0.0740	0.6120	0.0980
0.2940	0.0960	0.4120	0.1980
0.2300	0.1610	0.5160	0.0930
0.2870	0.0980	0.4100	0.2050
0.2990	0.1420	0.4830	0.0760
0.1930	0.1080	0.4020	0.2970
0.0940	0.0660	0.7870	0.0530
0.3030	0.3480	0.0450	0.3040
0.0450	0.0280	0.9000	0.0270
0.0360	0.0080	0.4360	0.5200
0.1370	0.0040	0.8430	0.0160
0.0260	0.0090	0.9240	0.0410
0.0240	0.0360	0.9230	0.0170
0.2850	0.3790	0.0130	0.3230
0.0730	0.0080	0.8580	0.0610
0.0930	0.0280	0.7390	0.1400
>GM.5.2.Homeodomain.0152
0.6235	0.2186	0.0708	0.0871
0.8780	0.0480	0.0263	0.0477
0.0125	0.0319	0.0180	0.9375
0.0635	0.0582	0.0390	0.8393
0.8715	0.0145	0.0273	0.0867
0.3658	0.1449	0.4295	0.0597
0.0922	0.4675	0.1584	0.2819
0.1366	0.0340	0.0364	0.7930
0.8944	0.0148	0.0561	0.0348
0.9488	0.0112	0.0317	0.0083
0.0794	0.0330	0.0531	0.8345
0.1284	0.0571	0.2954	0.5190
0.6047	0.0489	0.2552	0.0912
>GM.5.2.Nuclear_receptor.0095
0.0037	0.0457	0.0091	0.9415
0.0365	0.0048	0.9577	0.0010
0.9028	0.0464	0.0508	0.0000
0.0158	0.9776	0.0000	0.0066
0.1693	0.8282	0.0000	0.0025
0.0000	0.0042	0.0053	0.9905
0.0073	0.0042	0.0000	0.9885
0.0000	0.0305	0.0000	0.9695
0.9451	0.0000	0.0503	0.0046
0.9847	0.0000	0.0000	0.0153
0.9970	0.0000	0.0030	0.0000
0.0073	0.0018	0.8286	0.1623
0.0110	0.0000	0.9830	0.0060
0.0366	0.0272	0.0394	0.8969
0.0000	0.9218	0.0130	0.0652
0.8362	0.0056	0.1540	0.0042
>GM.5.2.C2H2_ZF.0202
0.9997	0.0001	0.0001	0.0001
0.0001	0.4545	0.0001	0.5453
0.1818	0.0001	0.8180	0.0001
0.0001	0.0001	0.0001	0.9997
0.0001	0.0001	0.9997	0.0001
0.9089	0.0910	0.0001	0.0001
0.0001	0.8180	0.0001	0.1818
0.0001	0.4545	0.0001	0.5453
0.5453	0.0001	0.3636	0.0910
0.4545	0.2727	0.1818	0.0910
0.3636	0.0001	0.6362	0.0001
0.0001	0.0001	0.1818	0.8180
0.0001	0.0001	0.0001	0.9997
0.1818	0.2727	0.0910	0.4545
0.0001	0.1818	0.0910	0.7271
0.1818	0.0001	0.8180	0.0001
0.1818	0.0001	0.8180	0.0001
0.0001	0.9997	0.0001	0.0001
0.0001	0.9997	0.0001	0.0001
0.9997	0.0001	0.0001	0.0001
0.9089	0.0910	0.0001	0.0001
0.0910	0.0001	0.0001	0.9089
0.1818	0.0001	0.8180	0.0001
0.1818	0.0910	0.7271	0.0001
0.2727	0.0001	0.7271	0.0001
0.8180	0.0001	0.1818	0.0001
0.0001	0.1818	0.0001	0.8180
0.3636	0.0001	0.6362	0.0001
0.2727	0.0910	0.0001	0.6362
>GM.5.2.Nuclear_receptor.0110
0.0000	0.0000	0.0448	0.9552
0.0000	0.0673	0.8475	0.0852
0.8161	0.0000	0.0000	0.1839
0.2960	0.7040	0.0000	0.0000
0.0000	1.0000	0.0000	0.0000
0.0359	0.1256	0.0000	0.8386
0.0000	0.3901	0.2466	0.3632
0.1076	0.2691	0.1300	0.4933
0.1614	0.2915	0.3139	0.2332
0.0807	0.1121	0.6368	0.1704
0.1166	0.3274	0.3363	0.2197
0.0448	0.3004	0.1256	0.5291
0.1480	0.1973	0.5426	0.1121
0.4843	0.2063	0.0807	0.2287
0.3274	0.4350	0.1928	0.0448
0.1883	0.7713	0.0404	0.0000
>GM.5.2.C2H2_ZF.0212
0.8822	0.1177	0.0001	0.0001
0.0001	0.9410	0.0001	0.0589
0.8234	0.1177	0.0001	0.0589
0.0001	0.9410	0.0589	0.0001
0.9410	0.0589	0.0001	0.0001
0.0001	0.7646	0.0589	0.1765
0.8234	0.0001	0.1177	0.0589
0.0001	0.8234	0.0001	0.1765
0.7646	0.1177	0.1177	0.0001
0.0589	0.7058	0.1765	0.0589
0.7058	0.0001	0.0589	0.2353
0.0589	0.9410	0.0001	0.0001
0.3529	0.3529	0.2353	0.0589
0.1177	0.6470	0.1177	0.1177
0.3529	0.2353	0.3529	0.0589
0.1177	0.8822	0.0001	0.0001
0.8234	0.0001	0.1765	0.0001
0.0589	0.7646	0.1765	0.0001
0.8822	0.0001	0.1177	0.0001
0.0001	0.7646	0.0001	0.2353
>GM.5.2.Forkhead.0047
0.1322	0.0813	0.6506	0.1359
0.7610	0.0807	0.0959	0.0624
0.9177	0.0070	0.0315	0.0438
0.0000	0.0162	0.0062	0.9776
0.0304	0.0000	0.9572	0.0124
0.9518	0.0214	0.0179	0.0089
0.0219	0.8766	0.0000	0.1015
0.9712	0.0036	0.0252	0.0000
0.0058	0.9712	0.0158	0.0072
0.5080	0.0682	0.3745	0.0493
0.1076	0.0192	0.8423	0.0309
0.1215	0.7044	0.1063	0.0678
0.0997	0.0574	0.6632	0.1797
>GM.5.2.bHLH.0103
0.0493	0.0261	0.1218	0.8029
0.5200	0.2893	0.1734	0.0173
0.0492	0.9435	0.0043	0.0030
0.9026	0.0068	0.0748	0.0159
0.0032	0.9713	0.0055	0.0199
0.0199	0.0055	0.9713	0.0032
0.0159	0.0748	0.0068	0.9026
0.0030	0.0043	0.9435	0.0492
0.0035	0.0889	0.6859	0.2216
0.8029	0.1218	0.0261	0.0493
0.3345	0.1552	0.2752	0.2351
0.2760	0.1321	0.4550	0.1370
0.1341	0.2544	0.4229	0.1886
0.3962	0.4328	0.0513	0.1198
0.2765	0.1156	0.4198	0.1881
0.1608	0.0881	0.6499	0.1013
>GM.5.2.Unknown.0137
0.2000	0.4000	0.4000	0.0000
0.0000	0.6000	0.2000	0.2000
0.0000	0.6000	0.2000	0.2000
0.0000	1.0000	0.0000	0.0000
1.0000	0.0000	0.0000	0.0000
0.4000	0.4000	0.0000	0.2000
0.0000	0.2000	0.8000	0.0000
0.0000	0.0000	0.0000	1.0000
0.0000	0.0000	1.0000	0.0000
0.8000	0.2000	0.0000	0.0000
0.6000	0.0000	0.2000	0.2000
0.0000	0.2000	0.6000	0.2000
>GM.5.2.T-box.0021
0.1254	0.4035	0.0084	0.4628
0.0016	0.0027	0.0048	0.9909
0.0484	0.9417	0.0095	0.0004
0.9616	0.0077	0.0106	0.0201
0.0001	0.9999	0.0000	0.0000
0.9750	0.0124	0.0113	0.0013
0.0001	0.9935	0.0060	0.0004
0.0160	0.7509	0.1919	0.0412
0.0086	0.0820	0.1858	0.7237
0.4777	0.0257	0.2274	0.2692
0.0145	0.1202	0.4954	0.3699
0.9233	0.0236	0.0386	0.0145
0.0622	0.0106	0.7591	0.1681
0.0006	0.0026	0.9958	0.0010
0.0025	0.0392	0.0011	0.9572
0.0004	0.0024	0.9970	0.0002
0.0240	0.0197	0.0002	0.9561
0.0005	0.0645	0.8980	0.0370
0.9941	0.0046	0.0006	0.0007
0.8508	0.0581	0.0358	0.0553
>GM.5.2.Mixed.0090
0.0294	0.1847	0.0939	0.6921
0.1446	0.0537	0.6587	0.1430
0.8672	0.0532	0.0330	0.0466
0.0428	0.0126	0.0063	0.9383
0.3389	0.0562	0.5079	0.0970
0.9383	0.0063	0.0126	0.0428
0.0466	0.0330	0.0532	0.8672
0.1430	0.6587	0.0537	0.1446
0.6921	0.0939	0.1847	0.0294
0.2605	0.4092	0.1534	0.1769
0.1514	0.0655	0.1234	0.6597
>GM.5.2.SAND.0009
0.2812	0.1562	0.0312	0.5312
0.2500	0.1875	0.0000	0.5625
0.4062	0.0938	0.1562	0.3438
0.2188	0.0625	0.3125	0.4062
0.2188	0.0625	0.3125	0.4062
0.5000	0.1250	0.0312	0.3438
0.3750	0.3125	0.0938	0.2188
0.2500	0.2812	0.0625	0.4062
0.1875	0.0938	0.1562	0.5625
0.0000	0.0000	1.0000	0.0000
0.0000	0.0000	1.0000	0.0000
0.3438	0.0938	0.0000	0.5625
0.3750	0.0938	0.0312	0.5000
0.3750	0.1875	0.1875	0.2500
0.3438	0.0938	0.1875	0.3750
0.3750	0.1250	0.1562	0.3438
0.4062	0.0938	0.0938	0.4062
0.3125	0.2188	0.0625	0.4062
0.0000	0.0000	1.0000	0.0000
0.0000	0.0000	1.0000	0.0000
0.3438	0.1250	0.1562	0.3750
0.0938	0.2812	0.1875	0.4375
0.4375	0.0312	0.1875	0.3438
0.4688	0.2188	0.0625	0.2500
0.5312	0.0938	0.0312	0.3438
>GM.5.2.C2H2_ZF.0273
0.0969	0.0659	0.0581	0.7791
0.5814	0.0039	0.4147	0.0000
0.9767	0.0000	0.0155	0.0078
1.0000	0.0000	0.0000	0.0000
0.2984	0.0194	0.6163	0.0659
0.0659	0.0388	0.8798	0.0155
0.1512	0.7326	0.0000	0.1163
0.0000	0.2016	0.0039	0.7946
0.0078	0.0349	0.0039	0.9535
0.0000	0.0116	0.0155	0.9729
0.0930	0.3566	0.2791	0.2713
0.0000	0.8527	0.0116	0.1357
>GM.5.2.Homeodomain.0194
0.0000	1.0000	0.0000	0.0000
0.0000	1.0000	0.0000	0.0000
0.0000	0.0000	0.0000	1.0000
0.0000	0.0000	1.0000	0.0000
1.0000	0.0000	0.0000	0.0000
0.0000	0.0000	1.0000	0.0000
1.0000	0.0000	0.0000	0.0000
1.0000	0.0000	0.0000	0.0000
0.0000	0.0000	0.0000	1.0000
1.0000	0.0000	0.0000	0.0000
1.0000	0.0000	0.0000	0.0000
0.0000	0.0000	0.0000	1.0000
0.0000	1.0000	0.0000	0.0000
>GM.5.2.Forkhead.0060
0.5000	0.1667	0.0000	0.3333
0.3333	0.1667	0.1667	0.3333
0.3333	0.0000	0.0000	0.6667
0.8333	0.0000	0.1667	0.0000
0.0000	0.0000	0.0000	1.0000
1.0000	0.0000	0.0000	0.0000
1.0000	0.0000	0.0000	0.0000
1.0000	0.0000	0.0000	0.0000
0.0000	0.8333	0.0000	0.1667
1.0000	0.0000	0.0000	0.0000
0.3333	0.0000	0.1667	0.5000
0.3333	0.1667	0.1667	0.3333
0.1667	0.3333	0.3333	0.1667
0.5000	0.0000	0.3333	0.1667
>GM.5.2.EIN3.0002
0.1895	0.0000	0.2755	0.5350
0.0280	0.1252	0.1532	0.6936
0.0561	0.3446	0.4819	0.1175
0.0280	0.1498	0.4509	0.3712
0.0000	0.0000	0.8705	0.1295
0.0000	0.0280	0.0000	0.9720
0.0000	0.0000	0.0000	1.0000
0.0631	0.0732	0.8286	0.0351
>GM.5.2.Mixed.0109
0.0660	0.5740	0.0560	0.3040
0.0480	0.5340	0.0540	0.3640
0.0760	0.1400	0.0180	0.7660
0.0020	0.0180	0.0160	0.9640
0.0060	0.0280	0.0180	0.9480
0.0500	0.1120	0.0620	0.7760
0.5200	0.1900	0.1180	0.1720
0.2320	0.0360	0.0760	0.6560
0.2440	0.0640	0.4340	0.2580
0.4780	0.1820	0.0860	0.2540
0.0480	0.6820	0.1060	0.1640
0.0400	0.6700	0.0560	0.2340
