>AP2B_HUMAN.H11MO.0.B
0.0396	0.0000	0.7825	0.1779
0.0000	0.6482	0.2451	0.1067
0.0000	0.9643	0.0000	0.0356
0.1146	0.5731	0.0000	0.3122
0.0751	0.0356	0.8892	0.0000
0.3281	0.3162	0.3557	0.0000
0.0712	0.0356	0.8537	0.0396
0.0000	0.0000	0.9999	0.0000
0.1907	0.1235	0.6768	0.0089
0.2223	0.4476	0.2540	0.0761
>ARI5B_HUMAN.H11MO.0.C
0.2167	0.0834	0.3500	0.3500
0.1334	0.2667	0.4000	0.2000
0.0001	0.2667	0.2000	0.5333
0.0001	0.1334	0.3333	0.5333
0.3333	0.0667	0.3333	0.2667
0.2000	0.0667	0.6666	0.0667
0.0001	0.0001	0.0001	0.9998
0.8665	0.0001	0.1334	0.0001
0.0001	0.1334	0.0001	0.8665
0.0001	0.0667	0.0667	0.8665
0.1334	0.2667	0.5333	0.0667
0.1334	0.0667	0.2667	0.5333
0.2500	0.1167	0.4499	0.1834
>BCL6_HUMAN.H11MO.0.A
0.1600	0.2560	0.1900	0.3940
0.1720	0.1260	0.4140	0.2880
0.1440	0.6380	0.1380	0.0800
0.0940	0.2240	0.0160	0.6660
0.0380	0.1900	0.1120	0.6600
0.0160	0.0420	0.0260	0.9160
0.0060	0.8300	0.0200	0.1440
0.0240	0.4340	0.0940	0.4480
0.9700	0.0140	0.0160	0.0000
0.1720	0.0020	0.7720	0.0540
0.0260	0.0700	0.8400	0.0640
0.8360	0.0440	0.0840	0.0360
0.8200	0.0540	0.0740	0.0520
>CEBPG_HUMAN.H11MO.0.B
0.5620	0.1240	0.2880	0.0260
0.0000	0.0000	0.0000	1.0000
0.0020	0.0000	0.0400	0.9580
0.1760	0.0020	0.6880	0.1340
0.0020	0.9960	0.0020	0.0000
0.8680	0.0420	0.0740	0.0160
0.0160	0.0320	0.0140	0.9380
0.0560	0.9240	0.0080	0.0120
0.9920	0.0000	0.0060	0.0020
0.0160	0.1360	0.3980	0.4500
0.2560	0.3980	0.1320	0.2140
0.1960	0.3640	0.0940	0.3460
>CRX_HUMAN.H11MO.0.B
0.2480	0.1640	0.1520	0.4360
0.5340	0.1040	0.2620	0.1000
0.5740	0.0460	0.2760	0.1040
0.1720	0.0920	0.5660	0.1700
0.4980	0.1640	0.2620	0.0760
0.1920	0.0060	0.7760	0.0260
0.0320	0.0100	0.9360	0.0220
0.7640	0.2180	0.0160	0.0020
0.0000	0.0000	0.0000	1.0000
0.0220	0.0580	0.0240	0.8960
0.8800	0.0040	0.0340	0.0820
0.2700	0.0660	0.5260	0.1380
0.2340	0.3240	0.3440	0.0980
>E2F2_HUMAN.H11MO.0.B
0.1554	0.1402	0.6854	0.0191
0.0001	0.0001	0.9996	0.0001
0.0001	0.7876	0.2121	0.0001
0.0001	0.0001	0.9996	0.0001
0.0001	0.7876	0.1364	0.0758
0.0001	0.0380	0.9618	0.0001
0.6665	0.1970	0.1364	0.0001
0.8785	0.1213	0.0001	0.0001
0.6665	0.0001	0.0758	0.2576
0.0418	0.7384	0.0418	0.1781
>EGR2_HUMAN.H11MO.0.A
0.2160	0.0740	0.6120	0.0980
0.2940	0.0960	0.4120	0.1980
0.2280	0.0740	0.6220	0.0760
0.2540	0.0680	0.5020	0.1760
0.3200	0.1040	0.5060	0.0700
0.1500	0.1040	0.4500	0.2960
0.0760	0.1020	0.7660	0.0560
0.3700	0.1900	0.0440	0.3960
0.0340	0.0220	0.9300	0.0140
0.0400	0.0120	0.4620	0.4860
0.1820	0.0060	0.7940	0.0180
0.0360	0.0140	0.8900	0.0600
0.0240	0.0400	0.9160	0.0200
0.3500	0.2820	0.0220	0.3460
0.0580	0.0060	0.8740	0.0620
0.0760	0.0340	0.7820	0.1080
0.3420	0.0740	0.5020	0.0820
0.2540	0.0480	0.5620	0.1360
>ETV4_HUMAN.H11MO.0.B
0.3360	0.2340	0.3300	0.1000
0.3840	0.1340	0.3200	0.1620
0.1360	0.6100	0.2340	0.0200
0.9560	0.0100	0.0200	0.0140
0.0060	0.0020	0.9760	0.0160
0.0160	0.0260	0.9580	0.0000
0.9240	0.0160	0.0500	0.0100
0.8700	0.0140	0.0460	0.0700
0.3080	0.0220	0.5880	0.0820
0.1380	0.1780	0.3460	0.3380
0.2880	0.1320	0.4140	0.1660
>ETV5_HUMAN.H11MO.0.C
0.3280	0.1800	0.3820	0.1100
0.4560	0.0880	0.3280	0.1280
0.2980	0.0980	0.4940	0.1100
0.2000	0.4180	0.3460	0.0360
0.8400	0.0360	0.0840	0.0400
0.0160	0.0060	0.9620	0.0160
0.0440	0.0160	0.9360	0.0040
0.7940	0.0680	0.1020	0.0360
0.9460	0.0060	0.0120	0.0360
0.3720	0.0620	0.5480	0.0180
0.2280	0.1000	0.2320	0.4400
0.2180	0.1060	0.5380	0.1380
0.4060	0.1200	0.3860	0.0880
0.2720	0.2160	0.3740	0.1380
>GATA3_HUMAN.H11MO.0.A
0.4480	0.0920	0.2540	0.2060
0.3480	0.3040	0.2620	0.0860
0.7780	0.0060	0.0080	0.2080
0.0100	0.0040	0.9860	0.0000
0.9880	0.0040	0.0060	0.0020
0.1460	0.0100	0.0400	0.8040
0.9220	0.0160	0.0420	0.0200
0.8680	0.0020	0.0940	0.0360
0.3300	0.2240	0.4040	0.0420
0.5580	0.1200	0.2560	0.0660
0.4440	0.0800	0.2240	0.2520
>HNF1B_HUMAN.H11MO.0.A
0.3260	0.0680	0.3580	0.2480
0.1480	0.0340	0.7560	0.0620
0.0280	0.0800	0.0800	0.8120
0.1460	0.0820	0.0460	0.7260
0.9800	0.0020	0.0160	0.0020
0.9380	0.0460	0.0060	0.0100
0.0560	0.0100	0.0060	0.9280
0.4100	0.0000	0.5900	0.0000
0.7620	0.0040	0.0540	0.1800
0.0460	0.0240	0.1220	0.8080
0.0160	0.0380	0.0020	0.9440
0.6920	0.0640	0.1340	0.1100
0.7980	0.0940	0.0660	0.0420
0.0780	0.7320	0.0420	0.1480
0.2420	0.3580	0.0640	0.3360
>HSF2_HUMAN.H11MO.0.A
0.3414	0.2618	0.3088	0.0880
0.0672	0.0841	0.7665	0.0822
0.7503	0.0686	0.1171	0.0641
0.6928	0.0606	0.1106	0.1360
0.1210	0.2304	0.2802	0.3684
0.3044	0.1899	0.4158	0.0899
0.0960	0.0362	0.0787	0.7890
0.0645	0.0485	0.0926	0.7943
0.0443	0.7951	0.1206	0.0400
0.0677	0.1376	0.1620	0.6327
0.5820	0.1778	0.1746	0.0656
0.0169	0.1191	0.8101	0.0539
0.7253	0.0617	0.1144	0.0986
0.5508	0.1624	0.1385	0.1483
>HXA9_HUMAN.H11MO.0.B
0.4600	0.1060	0.2340	0.2000
0.1680	0.0080	0.0460	0.7780
0.1060	0.0100	0.8400	0.0440
0.9545	0.0205	0.0085	0.0165
0.0285	0.0085	0.0285	0.9345
0.0445	0.0005	0.0405	0.9145
0.0385	0.0685	0.1265	0.7665
0.9265	0.0185	0.0465	0.0085
0.0325	0.1525	0.0445	0.7705
0.1945	0.0385	0.4745	0.2925
0.2765	0.0605	0.4925	0.1705
>ISL1_HUMAN.H11MO.0.A
0.1840	0.3080	0.3640	0.1440
0.0460	0.6580	0.0480	0.2480
0.2860	0.0560	0.0120	0.6460
0.7120	0.0580	0.2240	0.0060
0.9780	0.0120	0.0100	0.0000
0.0160	0.0060	0.3100	0.6680
0.0500	0.0000	0.6200	0.3300
0.1640	0.0400	0.7640	0.0320
0.3400	0.2940	0.2960	0.0700
>KLF5_HUMAN.H11MO.0.A
0.4220	0.0340	0.2040	0.3400
0.0460	0.0040	0.9440	0.0060
0.0080	0.0080	0.9680	0.0160
0.0240	0.0360	0.9300	0.0100
0.1780	0.1840	0.0080	0.6300
0.0460	0.0020	0.9420	0.0100
0.0400	0.0100	0.5440	0.4060
0.0160	0.0000	0.9640	0.0200
0.0500	0.0300	0.8300	0.0900
0.1060	0.6340	0.1100	0.1500
0.2480	0.1820	0.1920	0.3780
0.1040	0.1360	0.6060	0.1540
0.1540	0.1240	0.5020	0.2200
0.1480	0.2100	0.4940	0.1480
>MAX_HUMAN.H11MO.0.A
0.2980	0.2400	0.3840	0.0780
0.4160	0.1380	0.3080	0.1380
0.0900	0.2460	0.6220	0.0420
0.0180	0.9800	0.0000	0.0020
0.9380	0.0040	0.0540	0.0040
0.0020	0.8260	0.0940	0.0780
0.0880	0.0140	0.8920	0.0060
0.1060	0.1180	0.0060	0.7700
0.0020	0.0040	0.9860	0.0080
0.1380	0.0880	0.6300	0.1440
>MEF2D_HUMAN.H11MO.0.A
0.3120	0.0560	0.3020	0.3300
0.0680	0.0640	0.5000	0.3680
0.0240	0.7580	0.0600	0.1580
0.0020	0.0200	0.0060	0.9720
0.9700	0.0020	0.0020	0.0260
0.0540	0.0060	0.0040	0.9360
0.0800	0.0120	0.0080	0.9000
0.0940	0.0400	0.0060	0.8600
0.2980	0.0860	0.0120	0.6040
0.0860	0.0140	0.0540	0.8460
0.7540	0.0000	0.2360	0.0100
0.0940	0.0320	0.7860	0.0880
>NANOG_HUMAN.H11MO.0.A
0.1283	0.2585	0.2806	0.3327
0.0441	0.4870	0.1784	0.2906
0.0882	0.5110	0.0701	0.3307
0.3066	0.0441	0.0601	0.5892
0.0120	0.0601	0.0421	0.8858
0.0681	0.0080	0.0381	0.8858
0.1102	0.2485	0.5892	0.0521
0.3768	0.0421	0.0361	0.5451
0.2305	0.2605	0.1924	0.3166
0.8076	0.0341	0.0401	0.1182
0.0681	0.0140	0.0301	0.8878
0.0261	0.0180	0.8116	0.1443
0.0281	0.6353	0.1162	0.2204
0.6814	0.0321	0.0160	0.2705
0.6633	0.0501	0.2405	0.0461
0.8056	0.0481	0.0681	0.0782
0.1403	0.1503	0.2004	0.5090
>NFAC4_HUMAN.H11MO.0.C
0.4147	0.1431	0.2067	0.2356
0.0001	0.0001	0.9478	0.0521
0.0001	0.0001	0.9998	0.0001
0.9998	0.0001	0.0001	0.0001
0.9998	0.0001	0.0001	0.0001
0.9998	0.0001	0.0001	0.0001
0.6300	0.1561	0.1619	0.0521
0.2081	0.2601	0.1099	0.4219
0.1619	0.1561	0.2139	0.4682
0.3121	0.0001	0.2139	0.4739
>NKX21_HUMAN.H11MO.0.A
0.0660	0.4220	0.2260	0.2860
0.1320	0.0920	0.0240	0.7520
0.0760	0.0220	0.3340	0.5680
0.0340	0.0060	0.9580	0.0020
0.9960	0.0020	0.0000	0.0020
0.0100	0.0080	0.9820	0.0000
0.2820	0.0020	0.1040	0.6120
0.1080	0.0020	0.8780	0.0120
0.0320	0.3260	0.4440	0.1980
0.1580	0.3480	0.1560	0.3380
>NR1H4_HUMAN.H11MO.0.B
0.2705	0.1951	0.4390	0.0953
0.4812	0.0155	0.4922	0.0111
0.0732	0.0089	0.8559	0.0621
0.1020	0.0355	0.7406	0.1220
0.0244	0.1220	0.3326	0.5211
0.0288	0.7295	0.1463	0.0953
0.7561	0.0599	0.1774	0.0067
0.3703	0.2373	0.2949	0.0976
0.0643	0.1796	0.1042	0.6519
0.0665	0.0333	0.8913	0.0089
0.4834	0.0953	0.3215	0.0998
0.0710	0.8470	0.0577	0.0244
0.0798	0.8049	0.0111	0.1042
0.0776	0.3570	0.2794	0.2860
0.1707	0.4213	0.2350	0.1729
0.1197	0.2195	0.4745	0.1863
0.3193	0.2905	0.3060	0.0843
0.0710	0.0067	0.8093	0.1131
0.0732	0.0643	0.7716	0.0909
>PO5F1_HUMAN.H11MO.0.A
0.0520	0.5200	0.1940	0.2340
0.0740	0.5300	0.0800	0.3160
0.3900	0.0440	0.0400	0.5260
0.0200	0.0640	0.0240	0.8920
0.0720	0.0220	0.0280	0.8780
0.1040	0.3140	0.5160	0.0660
0.3800	0.0360	0.0320	0.5520
0.1760	0.2500	0.1000	0.4740
0.8840	0.0200	0.0320	0.0640
0.0140	0.0020	0.0160	0.9680
0.0120	0.0080	0.9220	0.0580
0.0140	0.7600	0.0940	0.1320
0.7900	0.0200	0.0300	0.1600
0.6200	0.0600	0.2540	0.0660
0.8300	0.0360	0.0680	0.0660
0.1600	0.1380	0.1220	0.5800
>PPARG_HUMAN.H11MO.0.A
0.4700	0.2540	0.1640	0.1120
0.4880	0.0260	0.1260	0.3600
0.0920	0.3600	0.4180	0.1300
0.1100	0.1220	0.2080	0.5600
0.3880	0.0220	0.5360	0.0540
0.0680	0.0000	0.8400	0.0920
0.1280	0.0260	0.8000	0.0460
0.1000	0.1220	0.4300	0.3480
0.0560	0.5520	0.3020	0.0900
0.8980	0.0180	0.0680	0.0160
0.5740	0.0480	0.3340	0.0440
0.7900	0.0060	0.1980	0.0060
0.0720	0.0060	0.8920	0.0300
0.0680	0.0040	0.8040	0.1240
0.0520	0.0760	0.3200	0.5520
0.1200	0.6180	0.1780	0.0840
0.7540	0.0600	0.1160	0.0700
>PRRX2_HUMAN.H11MO.0.C
0.1737	0.3093	0.0720	0.4449
0.0000	0.0000	0.0000	0.9999
0.9999	0.0000	0.0000	0.0000
0.9830	0.0000	0.0170	0.0000
0.0170	0.0170	0.0000	0.9661
0.0000	0.0509	0.0509	0.8983
0.4576	0.0170	0.4915	0.0339
>RARA_HUMAN.H11MO.0.A
0.2605	0.1242	0.5511	0.0641
0.2104	0.1122	0.5511	0.1263
0.3707	0.0561	0.4649	0.1082
0.2846	0.0922	0.4329	0.1904
0.1683	0.2084	0.5551	0.0681
0.3948	0.0942	0.3567	0.1543
0.1022	0.1563	0.2445	0.4970
0.1102	0.5070	0.2605	0.1222
0.4429	0.2305	0.1924	0.1343
0.4289	0.0681	0.3547	0.1483
0.3667	0.0501	0.5491	0.0341
0.8116	0.0060	0.1683	0.0140
0.0421	0.0000	0.9499	0.0080
0.0200	0.0100	0.5090	0.4609
0.0160	0.0461	0.0661	0.8717
0.0020	0.9379	0.0401	0.0200
0.9840	0.0000	0.0040	0.0120
0.5631	0.1082	0.2565	0.0721
0.1784	0.0521	0.6994	0.0701
0.1122	0.0862	0.7375	0.0641
>RELB_HUMAN.H11MO.0.C
0.2731	0.1498	0.4669	0.1102
0.1410	0.0749	0.7488	0.0353
0.0705	0.0353	0.8942	0.0000
0.1762	0.0000	0.8237	0.0000
0.3568	0.0000	0.6431	0.0000
0.4493	0.4361	0.0000	0.1146
0.0397	0.0000	0.1057	0.8545
0.0353	0.0000	0.1410	0.8237
0.0353	0.1278	0.0000	0.8369
0.1410	0.6431	0.1762	0.0397
0.2159	0.7136	0.0705	0.0000
0.3260	0.3832	0.1102	0.1806
>REST_HUMAN.H11MO.0.A
0.1420	0.0840	0.1920	0.5820
0.0280	0.1420	0.0380	0.7920
0.0120	0.9240	0.0160	0.0480
0.9160	0.0280	0.0240	0.0320
0.0200	0.0400	0.9380	0.0020
0.0740	0.6760	0.1740	0.0760
0.9480	0.0140	0.0260	0.0120
0.0140	0.9440	0.0300	0.0120
0.0300	0.9040	0.0220	0.0440
0.5520	0.1100	0.1580	0.1800
0.1260	0.3000	0.0860	0.4880
0.0300	0.0080	0.9580	0.0040
0.0240	0.0060	0.9640	0.0060
0.8640	0.0660	0.0280	0.0420
0.0140	0.7960	0.1460	0.0440
0.9480	0.0100	0.0180	0.0240
0.0260	0.0180	0.9420	0.0140
0.1360	0.6420	0.1100	0.1120
0.2020	0.0300	0.4680	0.3000
0.1380	0.6060	0.1800	0.0760
0.1340	0.7060	0.0260	0.1340
0.2720	0.4300	0.1240	0.1740
>RUNX2_HUMAN.H11MO.0.A
0.1720	0.0760	0.3160	0.4360
0.0920	0.1300	0.5220	0.2560
0.1140	0.1300	0.2920	0.4640
0.1220	0.3980	0.1760	0.3040
0.0680	0.0100	0.0160	0.9060
0.0080	0.0160	0.9240	0.0520
0.0340	0.0280	0.0260	0.9120
0.0020	0.0000	0.9980	0.0000
0.0020	0.0040	0.9740	0.0200
0.0180	0.1460	0.1120	0.7240
0.0320	0.1380	0.1600	0.6700
0.1760	0.0260	0.1920	0.6060
0.1140	0.1100	0.3880	0.3880
0.0980	0.1300	0.3800	0.3920
>RXRG_HUMAN.H11MO.0.B
0.1563	0.1569	0.5293	0.1576
0.0013	0.0007	0.8754	0.1227
0.0062	0.0144	0.0773	0.9021
0.0059	0.8940	0.0202	0.0800
1.0000	0.0000	0.0000	0.0000
0.9099	0.0040	0.0734	0.0127
0.9697	0.0013	0.0290	0.0000
0.0000	0.0007	0.9980	0.0013
0.0007	0.0007	0.9129	0.0858
0.0141	0.0176	0.0242	0.9441
0.0046	0.8597	0.0757	0.0600
0.9280	0.0056	0.0654	0.0010
0.2918	0.3296	0.1027	0.2759
>SALL4_HUMAN.H11MO.0.B
0.1800	0.1380	0.5140	0.1680
0.1340	0.2580	0.4780	0.1300
0.3600	0.0060	0.3440	0.2900
0.0120	0.0020	0.9720	0.0140
0.0020	0.0040	0.9820	0.0120
0.0200	0.1620	0.8040	0.0140
0.3740	0.0300	0.0100	0.5860
0.0060	0.0020	0.9880	0.0040
0.0980	0.0160	0.6600	0.2260
0.1180	0.0240	0.8140	0.0440
>SMCA1_HUMAN.H11MO.0.C
0.2381	0.4943	0.1791	0.0884
0.4490	0.5011	0.0159	0.0340
0.5964	0.1270	0.0907	0.1859
0.5374	0.0000	0.4376	0.0249
0.0454	0.0249	0.9184	0.0113
0.9206	0.0272	0.0408	0.0113
0.9546	0.0091	0.0181	0.0181
0.0907	0.0408	0.7211	0.1474
0.6100	0.3447	0.0249	0.0204
0.8571	0.0431	0.0567	0.0431
0.2585	0.0544	0.0567	0.6304
0.2245	0.1746	0.3810	0.2200
>SNAI1_HUMAN.H11MO.0.C
0.1965	0.4820	0.2678	0.0537
0.0002	0.9994	0.0002	0.0002
0.9994	0.0002	0.0002	0.0002
0.0002	0.0002	0.9994	0.0002
0.0002	0.0002	0.9994	0.0002
0.0002	0.0002	0.0002	0.9994
0.0002	0.0002	0.9994	0.0002
0.0537	0.1965	0.4820	0.2678
>SOX5_HUMAN.H11MO.0.C
0.1312	0.3120	0.1601	0.3966
0.8743	0.0000	0.0578	0.0679
0.0000	0.0339	0.0652	0.9008
0.0113	0.0113	0.0000	0.9773
0.0439	0.0339	0.8996	0.0226
0.0113	0.0527	0.0000	0.9360
0.0552	0.0426	0.0214	0.8808
0.3778	0.1561	0.1308	0.3353
>SOX9_HUMAN.H11MO.0.B
0.8040	0.1380	0.0440	0.0140
0.8800	0.0040	0.0560	0.0600
0.4120	0.0060	0.2880	0.2940
0.2140	0.0500	0.6080	0.1280
0.2340	0.1940	0.5220	0.0500
0.2340	0.2580	0.3380	0.1700
0.1900	0.2820	0.2980	0.2300
0.0660	0.4280	0.2560	0.2500
0.0360	0.7960	0.0620	0.1060
0.4020	0.0780	0.0140	0.5060
0.0000	0.1360	0.0940	0.7700
0.0000	0.0000	0.0000	1.0000
0.0040	0.0040	0.9900	0.0020
0.0120	0.0020	0.0000	0.9860
0.0380	0.1320	0.1940	0.6360
0.0560	0.5660	0.0700	0.3080
>SP2_HUMAN.H11MO.0.A
0.1285	0.2502	0.5691	0.0523
0.1800	0.2461	0.5229	0.0509
0.1507	0.2822	0.5047	0.0624
0.1545	0.3187	0.4206	0.1062
0.2880	0.2221	0.3844	0.1056
0.1752	0.1001	0.6568	0.0679
0.1400	0.0557	0.7061	0.0981
0.2960	0.0549	0.6305	0.0186
0.0378	0.0042	0.9186	0.0394
0.0122	0.0208	0.9569	0.0101
0.0434	0.8897	0.0128	0.0540
0.0324	0.0164	0.9003	0.0510
0.0126	0.0201	0.9346	0.0327
0.0993	0.0869	0.7860	0.0278
0.2208	0.1776	0.5817	0.0199
0.1038	0.6047	0.2187	0.0728
0.0501	0.5081	0.2334	0.2084
0.2013	0.1902	0.3926	0.2159
0.1297	0.2370	0.5265	0.1068
0.1820	0.2579	0.4660	0.0940
0.1505	0.1855	0.5893	0.0747
0.1227	0.3264	0.4949	0.0560
>SP4_HUMAN.H11MO.0.A
0.2224	0.2485	0.4549	0.0741
0.2665	0.1483	0.4629	0.1222
0.1403	0.1804	0.6052	0.0741
0.4048	0.2505	0.2485	0.0962
0.5271	0.1122	0.2244	0.1363
0.3467	0.0261	0.5491	0.0782
0.2305	0.0180	0.6373	0.1142
0.3427	0.0200	0.6152	0.0220
0.0681	0.0120	0.9018	0.0180
0.0361	0.0040	0.9359	0.0240
0.1242	0.7695	0.0100	0.0962
0.0561	0.0160	0.8557	0.0721
0.0541	0.0180	0.8617	0.0661
0.3527	0.0301	0.5671	0.0501
0.2144	0.0100	0.7475	0.0281
0.1984	0.5972	0.1423	0.0621
0.2485	0.4148	0.1242	0.2124
0.3267	0.0782	0.3647	0.2305
0.3026	0.1122	0.4990	0.0862
0.3327	0.1423	0.4309	0.0942
>SRF_HUMAN.H11MO.0.A
0.1298	0.2061	0.0916	0.5725
0.1221	0.1908	0.1069	0.5801
0.1450	0.1527	0.3969	0.3053
0.0305	0.9236	0.0153	0.0305
0.0000	0.9389	0.0076	0.0534
0.3206	0.0763	0.0305	0.5725
0.1298	0.0534	0.0305	0.7862
0.6030	0.0229	0.0458	0.3282
0.0000	0.0076	0.0076	0.9847
0.5267	0.0458	0.0000	0.4275
0.1908	0.0229	0.0076	0.7786
0.0534	0.0229	0.9236	0.0000
0.0382	0.0076	0.9542	0.0000
0.1069	0.2137	0.3435	0.3359
0.1603	0.5878	0.1527	0.0992
0.4885	0.0763	0.0916	0.3435
0.1679	0.1527	0.2137	0.4656
0.3130	0.1145	0.3206	0.2519
>SRY_HUMAN.H11MO.0.B
0.1043	0.2854	0.1410	0.4693
0.3667	0.0367	0.0445	0.5522
0.0779	0.0046	0.0413	0.8762
0.0950	0.0046	0.0302	0.8702
0.0000	0.0733	0.9101	0.0166
0.0552	0.0000	0.0350	0.9098
0.1925	0.0402	0.0341	0.7332
0.2607	0.0947	0.0698	0.5749
0.3389	0.2420	0.0262	0.3929
>STAT1_HUMAN.H11MO.0.A
0.2020	0.4280	0.1200	0.2500
0.0940	0.5680	0.1700	0.1680
0.1320	0.5560	0.1100	0.2020
0.2940	0.3560	0.2040	0.1460
0.0860	0.2060	0.1000	0.6080
0.0020	0.0160	0.0040	0.9780
0.0080	0.0060	0.0120	0.9740
0.0300	0.9640	0.0020	0.0040
0.0380	0.8220	0.0020	0.1380
0.2340	0.3040	0.1420	0.3200
0.2680	0.0260	0.6820	0.0240
0.0320	0.0140	0.8040	0.1500
0.9440	0.0380	0.0100	0.0080
0.9880	0.0020	0.0040	0.0060
0.5800	0.1060	0.2320	0.0820
0.2740	0.1960	0.1100	0.4200
0.0580	0.5880	0.2480	0.1060
0.3420	0.2620	0.0680	0.3280
0.1340	0.5340	0.1380	0.1940
>STAT4_HUMAN.H11MO.0.A
0.0520	0.3520	0.0380	0.5580
0.0000	0.0120	0.0020	0.9860
0.0020	0.0100	0.0100	0.9780
0.0200	0.9420	0.0040	0.0340
0.0080	0.5520	0.0120	0.4280
0.0120	0.3580	0.1780	0.4520
0.2840	0.1080	0.4500	0.1580
0.0660	0.1060	0.5800	0.2480
0.6420	0.3300	0.0060	0.0220
0.9560	0.0060	0.0160	0.0220
0.3220	0.1880	0.3560	0.1340
>TBX3_HUMAN.H11MO.0.C
0.3190	0.1119	0.3524	0.2167
0.3810	0.1714	0.3833	0.0643
0.5905	0.0048	0.1738	0.2310
0.0738	0.0000	0.9238	0.0024
0.0119	0.1333	0.8429	0.0119
0.0357	0.0071	0.0143	0.9429
0.0167	0.0000	0.9690	0.0143
0.1024	0.2190	0.4357	0.2429
0.1571	0.2619	0.4238	0.1571
0.7024	0.0262	0.2024	0.0690
0.4238	0.0905	0.4024	0.0833
>TWST1_HUMAN.H11MO.0.A
0.5070	0.2676	0.1549	0.0704
0.0704	0.8692	0.0282	0.0322
0.9235	0.0141	0.0342	0.0282
0.0101	0.0825	0.1831	0.7243
0.1972	0.7022	0.0805	0.0201
0.0020	0.0040	0.0020	0.9919
0.0000	0.0081	0.9678	0.0241
0.0262	0.1449	0.5352	0.2938
0.2918	0.0744	0.0865	0.5473
0.2857	0.0946	0.0704	0.5493
0.1167	0.2676	0.1187	0.4970
0.0604	0.3602	0.0905	0.4889
0.4346	0.2918	0.1610	0.1127
0.7847	0.0563	0.0885	0.0704
0.0161	0.0342	0.0523	0.8974
0.0926	0.1851	0.0342	0.6881
0.6559	0.0362	0.0362	0.2716
>TYY1_HUMAN.H11MO.0.A
0.2097	0.6358	0.0927	0.0618
0.9691	0.0000	0.0309	0.0000
0.9581	0.0155	0.0110	0.0155
0.2980	0.1038	0.5497	0.0486
0.9956	0.0000	0.0022	0.0022
0.0000	0.0022	0.0066	0.9912
0.0000	0.0000	1.0000	0.0000
0.0110	0.0000	0.9801	0.0088
0.0243	0.9691	0.0000	0.0066
0.0309	0.1280	0.7086	0.1325
0.1060	0.1192	0.7020	0.0728
0.1280	0.7439	0.0508	0.0773
>ZBTB6_HUMAN.H11MO.0.C
0.0899	0.0395	0.7500	0.1206
0.2303	0.0636	0.6864	0.0197
0.3246	0.2061	0.0526	0.4167
0.0373	0.1425	0.6930	0.1272
0.3925	0.5592	0.0439	0.0044
0.0241	0.0899	0.0154	0.8706
0.2149	0.0132	0.7237	0.0482
0.0000	0.0000	0.9978	0.0022
0.9890	0.0066	0.0022	0.0022
0.0066	0.0044	0.9868	0.0022
0.1228	0.7281	0.1009	0.0482
0.1009	0.6425	0.0461	0.2105
0.2961	0.1491	0.3684	0.1864
>ZIC1_HUMAN.H11MO.0.B
0.0473	0.1319	0.5195	0.3013
0.0880	0.0587	0.8533	0.0000
0.0000	0.0293	0.9413	0.0293
0.0000	0.0587	0.9413	0.0000
0.2997	0.0293	0.1759	0.4951
0.1173	0.0000	0.7654	0.1173
0.0587	0.2345	0.7068	0.0000
0.0326	0.0880	0.2671	0.6123
0.2158	0.4438	0.2744	0.0660
>ZN134_HUMAN.H11MO.0.C
0.0960	0.1240	0.6420	0.1380
0.1640	0.5620	0.1240	0.1500
0.2220	0.5260	0.1560	0.0960
0.1580	0.1120	0.1500	0.5800
0.1440	0.3580	0.3200	0.1780
0.3965	0.1785	0.2965	0.1285
0.2385	0.3885	0.0985	0.2745
0.1505	0.6025	0.0825	0.1645
0.0485	0.2885	0.0465	0.6165
0.5205	0.3445	0.0685	0.0665
0.9325	0.0105	0.0445	0.0125
0.0125	0.0285	0.2225	0.7365
0.0085	0.9305	0.0305	0.0305
0.9425	0.0125	0.0345	0.0105
0.0105	0.0065	0.9025	0.0805
0.0485	0.0845	0.4285	0.4385
0.0565	0.0765	0.1885	0.6785
0.1325	0.0105	0.8205	0.0365
0.7265	0.2025	0.0565	0.0145
0.5145	0.1065	0.1385	0.2405
0.0365	0.0805	0.8505	0.0325
0.1125	0.1325	0.7065	0.0485
>ZN214_HUMAN.H11MO.0.C
0.2576	0.2045	0.1174	0.4205
0.2083	0.5455	0.0985	0.1477
0.3068	0.5114	0.1023	0.0795
0.3030	0.0606	0.0303	0.6061
0.0076	0.1326	0.0606	0.7992
0.0379	0.2576	0.2008	0.5038
0.0871	0.3295	0.0644	0.5189
0.0227	0.0947	0.2538	0.6288
0.3864	0.0568	0.5076	0.0492
0.5000	0.0189	0.2197	0.2614
0.0265	0.0114	0.6515	0.3106
0.0379	0.4242	0.4962	0.0417
0.2917	0.5492	0.1023	0.0568
0.3447	0.3598	0.0303	0.2652
0.1023	0.2727	0.1780	0.4470
0.0303	0.0758	0.0606	0.8333
0.0076	0.2803	0.0530	0.6591
0.1553	0.1667	0.6553	0.0227
0.8144	0.0720	0.0455	0.0682
0.0530	0.0303	0.1099	0.8068
0.0985	0.0758	0.6401	0.1856
0.6326	0.1288	0.0682	0.1705
>ZN264_HUMAN.H11MO.0.C
0.0960	0.2980	0.1080	0.4980
0.2320	0.3500	0.0820	0.3360
0.1080	0.1500	0.0900	0.6520
0.0620	0.2860	0.1700	0.4820
0.5060	0.1800	0.1960	0.1180
0.2900	0.1540	0.1120	0.4440
0.7180	0.1220	0.1020	0.0580
0.6700	0.0440	0.0760	0.2100
0.1440	0.0280	0.7820	0.0460
0.0320	0.0200	0.8780	0.0700
0.2920	0.1420	0.5480	0.0180
0.1440	0.8180	0.0260	0.0120
0.6780	0.0420	0.0780	0.2020
0.0060	0.8080	0.1540	0.0320
0.0720	0.0980	0.2100	0.6200
0.7740	0.0640	0.1060	0.0560
0.8280	0.0860	0.0300	0.0560
0.0140	0.1640	0.0380	0.7840
0.0320	0.6040	0.1800	0.1840
0.1160	0.5560	0.1660	0.1620
0.2280	0.5220	0.0500	0.2000
0.6540	0.1360	0.0900	0.1200
0.0500	0.2000	0.1060	0.6440
0.0760	0.3940	0.0840	0.4460
>ZN322_HUMAN.H11MO.0.B
0.1204	0.0989	0.7161	0.0645
0.4731	0.0860	0.1656	0.2753
0.0860	0.0538	0.7355	0.1247
0.1591	0.6409	0.0452	0.1548
0.0452	0.9032	0.0129	0.0387
0.0688	0.0946	0.0409	0.7957
0.2946	0.0452	0.6237	0.0366
0.0882	0.3441	0.4688	0.0989
0.0925	0.1333	0.1032	0.6710
0.7527	0.1462	0.0387	0.0624
0.0065	0.9849	0.0065	0.0022
0.4430	0.0753	0.1656	0.3161
0.0129	0.3634	0.6000	0.0237
0.4473	0.0882	0.0946	0.3699
0.0301	0.0151	0.9032	0.0516
0.0495	0.8258	0.0473	0.0774
0.0903	0.7570	0.0387	0.1140
0.1054	0.0882	0.1527	0.6538
0.0796	0.1269	0.6817	0.1118
0.2753	0.1806	0.4021	0.1419
>ZN335_HUMAN.H11MO.0.A
0.2913	0.0194	0.5825	0.1068
0.0583	0.0777	0.7573	0.1068
0.0777	0.6213	0.1651	0.1359
0.0194	0.2136	0.0194	0.7476
0.0097	0.0388	0.8446	0.1068
0.0486	0.3398	0.0971	0.5146
0.0097	0.9126	0.0291	0.0486
0.0097	0.5825	0.0194	0.3883
0.1942	0.1845	0.2913	0.3301
0.1456	0.3495	0.2233	0.2816
0.2718	0.2136	0.3495	0.1651
0.1068	0.2718	0.4951	0.1262
0.2330	0.5437	0.0583	0.1651
0.1845	0.0777	0.4757	0.2621
0.2718	0.4466	0.1553	0.1262
0.0291	0.1359	0.0000	0.8349
0.0194	0.0388	0.8155	0.1262
0.0194	0.8738	0.0097	0.0971
0.0388	0.9223	0.0000	0.0388
0.0388	0.0486	0.0486	0.8641
0.0971	0.1068	0.6990	0.0971
0.4757	0.1553	0.0388	0.3301
