>SCCTSAGGSCAW_AP-2gamma(AP2)/MCF7-TFAP2C-ChIP-Seq(GSE21234)/Homer
0.0050	0.4310	0.5470	0.0170
0.0010	0.9970	0.0010	0.0010
0.0010	0.9470	0.0010	0.0510
0.0030	0.3040	0.0010	0.6920
0.0610	0.4370	0.4110	0.0910
0.6880	0.0040	0.2890	0.0190
0.0630	0.0010	0.9350	0.0010
0.0010	0.0010	0.9970	0.0010
0.0090	0.4870	0.5030	0.0010
0.2810	0.4580	0.0590	0.2010
0.5520	0.1280	0.1700	0.1500
0.2320	0.1850	0.2010	0.3810
>CTTTCANTATGACTV_IRF:BATF(IRF:bZIP)/pDC-Irf8-ChIP-Seq(GSE66899)/Homer
0.0510	0.5080	0.3000	0.1410
0.0040	0.0170	0.0010	0.9780
0.0010	0.1230	0.0010	0.8750
0.0040	0.0810	0.0040	0.9110
0.0010	0.9870	0.0040	0.0080
0.6190	0.1030	0.0470	0.2310
0.2420	0.2220	0.2440	0.2910
0.2460	0.0090	0.0340	0.7110
0.4650	0.1800	0.0640	0.2910
0.0010	0.0010	0.0010	0.9970
0.0340	0.1110	0.6110	0.2440
0.8840	0.0210	0.0090	0.0860
0.1610	0.5130	0.2570	0.0690
0.1830	0.0510	0.0170	0.7490
0.2430	0.3600	0.2350	0.1620
>GTCATAAAAN_Cdx2(Homeobox)/mES-Cdx2-ChIP-Seq(GSE14586)/Homer
0.2090	0.0580	0.7330	0.0010
0.0010	0.4440	0.0010	0.5540
0.4890	0.4930	0.0010	0.0170
0.9970	0.0010	0.0010	0.0010
0.0010	0.0010	0.0010	0.9970
0.9970	0.0010	0.0010	0.0010
0.9970	0.0010	0.0010	0.0010
0.9970	0.0010	0.0010	0.0010
0.6780	0.1150	0.0730	0.1350
0.2430	0.2850	0.1540	0.3180
>NGYCATAAAWCH_CDX4(Homeobox)/ZebrafishEmbryos-Cdx4.Myc-ChIP-Seq(GSE48254)/Homer
0.2340	0.2750	0.3130	0.1780
0.2430	0.2080	0.4480	0.1020
0.0400	0.4960	0.0340	0.4300
0.2430	0.4930	0.0260	0.2370
0.6090	0.0390	0.3250	0.0270
0.0050	0.0370	0.0030	0.9550
0.8720	0.0130	0.0110	0.1040
0.9500	0.0070	0.0010	0.0420
0.9780	0.0040	0.0010	0.0170
0.3420	0.1770	0.1910	0.2890
0.2130	0.3900	0.1840	0.2130
0.3560	0.2500	0.1650	0.2290
>ATTGCATCAT_Chop(bZIP)/MEF-Chop-ChIP-Seq(GSE35681)/Homer
0.5030	0.1600	0.2980	0.0390
0.0090	0.0080	0.0060	0.9770
0.0030	0.0040	0.0240	0.9690
0.2500	0.0040	0.5460	0.2000
0.0270	0.9630	0.0020	0.0080
0.9290	0.0160	0.0500	0.0050
0.0400	0.0240	0.0110	0.9250
0.0150	0.9660	0.0120	0.0070
0.9570	0.0080	0.0300	0.0050
0.0190	0.1450	0.3380	0.4990
>NCCACGTG_c-Myc(bHLH)/LNCAP-cMyc-ChIP-Seq(Unpublished)/Homer
0.3270	0.2180	0.3190	0.1350
0.1150	0.6000	0.2240	0.0610
0.0220	0.9500	0.0170	0.0120
0.8900	0.0010	0.0940	0.0150
0.0010	0.9960	0.0010	0.0020
0.0010	0.0010	0.9970	0.0010
0.0020	0.0800	0.0010	0.9170
0.0130	0.0080	0.9530	0.0260
>GGTCCCTAGGGA_EBF(EBF)/proBcell-EBF-ChIP-Seq(GSE21978)/Homer
0.2870	0.1220	0.3520	0.2400
0.0760	0.2830	0.4580	0.1820
0.0050	0.1600	0.0010	0.8330
0.0010	0.9970	0.0010	0.0010
0.0010	0.8450	0.0010	0.1530
0.0010	0.9970	0.0010	0.0010
0.2270	0.3480	0.0320	0.3930
0.3960	0.0240	0.3470	0.2330
0.0010	0.0010	0.9970	0.0010
0.1170	0.0010	0.8810	0.0010
0.0010	0.0010	0.9970	0.0010
0.8490	0.0010	0.1330	0.0170
>TGCGTGGGYG_Egr1(Zf)/K562-Egr1-ChIP-Seq(GSE32465)/Homer
0.1280	0.0720	0.1420	0.6580
0.0780	0.0360	0.8820	0.0040
0.1540	0.5230	0.0230	0.3000
0.0010	0.0010	0.9970	0.0010
0.0010	0.0010	0.2820	0.7160
0.0270	0.0010	0.9710	0.0010
0.0010	0.0020	0.9730	0.0240
0.0010	0.0010	0.9970	0.0010
0.1530	0.4150	0.0100	0.4220
0.0340	0.0020	0.9400	0.0240
>AVCAGGAAGT_EHF(ETS)/LoVo-EHF-ChIP-Seq(GSE49402)/Homer
0.6270	0.0050	0.1230	0.2450
0.2260	0.3720	0.2410	0.1610
0.2580	0.4740	0.2670	0.0010
0.6250	0.3560	0.0180	0.0010
0.0010	0.0010	0.9970	0.0010
0.0040	0.0010	0.9940	0.0010
0.9970	0.0010	0.0010	0.0010
0.9970	0.0010	0.0010	0.0010
0.2880	0.0280	0.6830	0.0010
0.1320	0.1850	0.0660	0.6170
>AACCGGAAGT_ELF1(ETS)/Jurkat-ELF1-ChIP-Seq(SRA014231)/Homer
0.4940	0.1560	0.1890	0.1610
0.3580	0.2890	0.2490	0.1050
0.0580	0.7170	0.2010	0.0240
0.0920	0.8890	0.0110	0.0080
0.0070	0.0120	0.9790	0.0020
0.0120	0.0110	0.9690	0.0080
0.9610	0.0080	0.0160	0.0150
0.9600	0.0140	0.0080	0.0180
0.0850	0.0620	0.8330	0.0200
0.0990	0.2410	0.0490	0.6110
>CAAAGGTCAG_Erra(NR)/HepG2-Erra-ChIP-Seq(GSE31477)/Homer
0.0230	0.7910	0.0470	0.1390
0.6040	0.3580	0.0280	0.0110
0.6820	0.0210	0.2880	0.0090
0.8770	0.0010	0.1180	0.0040
0.0010	0.0010	0.9970	0.0010
0.0150	0.0110	0.8140	0.1590
0.0250	0.1390	0.1760	0.6600
0.0010	0.9850	0.0100	0.0040
0.9710	0.0130	0.0080	0.0080
0.1490	0.2670	0.4910	0.0940
>NRYTTCCGGH_Fli1(ETS)/CD8-FLI-ChIP-Seq(GSE20898)/Homer
0.1860	0.3290	0.2370	0.2490
0.3950	0.1290	0.3260	0.1500
0.0730	0.4210	0.1340	0.3720
0.2460	0.0290	0.0950	0.6300
0.0700	0.0090	0.0780	0.8430
0.0300	0.8800	0.0010	0.0890
0.0010	0.9410	0.0300	0.0280
0.0630	0.0950	0.5650	0.2770
0.1010	0.2580	0.4600	0.1810
0.2200	0.2950	0.1310	0.3550
>SCHTGTTTACAT_FOXK2(Forkhead)/U2OS-FOXK2-ChIP-Seq(E-MTAB-2204)/Homer
0.1450	0.3290	0.4060	0.1210
0.1110	0.5550	0.2740	0.0600
0.3410	0.2540	0.1130	0.2920
0.0040	0.0010	0.0010	0.9940
0.0950	0.0010	0.9030	0.0010
0.0010	0.0010	0.0010	0.9970
0.0030	0.0010	0.0310	0.9650
0.0020	0.0010	0.2040	0.7930
0.8340	0.0630	0.0080	0.0950
0.0010	0.7940	0.0020	0.2030
0.4710	0.2270	0.1010	0.2010
0.2190	0.1930	0.1220	0.4650
>NYYTGTTTACHN_FOXP1(Forkhead)/H9-FOXP1-ChIP-Seq(GSE31006)/Homer
0.2260	0.2420	0.2260	0.3060
0.1640	0.3370	0.1800	0.3200
0.0460	0.3850	0.2300	0.3390
0.0010	0.0010	0.0010	0.9970
0.0220	0.0010	0.9760	0.0010
0.0010	0.0010	0.0010	0.9970
0.0010	0.0010	0.0010	0.9970
0.0010	0.0010	0.0010	0.9970
0.9970	0.0010	0.0010	0.0010
0.0010	0.8730	0.0020	0.1240
0.2820	0.3120	0.0990	0.3080
0.3130	0.1970	0.2240	0.2660
>NCCTTATCTC_Gata2(Zf)/K562-GATA2-ChIP-Seq(GSE18829)/Homer
0.1520	0.2860	0.2260	0.3360
0.0210	0.3860	0.2440	0.3500
0.0010	0.7750	0.1720	0.0520
0.0010	0.0040	0.0010	0.9940
0.0010	0.0010	0.0010	0.9970
0.9970	0.0010	0.0010	0.0010
0.0010	0.0010	0.0010	0.9970
0.0010	0.9970	0.0010	0.0010
0.2660	0.0010	0.0280	0.7050
0.0670	0.3800	0.3790	0.1750
>ACTACAATTCCC_GFY(?)/Promoter/Homer
0.7700	0.1020	0.0680	0.0600
0.0430	0.8740	0.0470	0.0360
0.0780	0.1240	0.0480	0.7510
0.6590	0.1580	0.1130	0.0700
0.0640	0.8520	0.0490	0.0350
0.7780	0.1100	0.0740	0.0380
0.6300	0.1170	0.1220	0.1320
0.0750	0.1760	0.1210	0.6280
0.0390	0.0950	0.0730	0.7920
0.0410	0.8440	0.0430	0.0730
0.0260	0.9180	0.0270	0.0290
0.0520	0.8750	0.0260	0.0480
>AACTACAATTCCCAGAATGC_GFY-Staf(?,Zf)/Promoter/Homer
0.5430	0.0050	0.4520	0.0010
0.9970	0.0010	0.0010	0.0010
0.0010	0.9970	0.0010	0.0010
0.0010	0.0070	0.0010	0.9910
0.9970	0.0010	0.0010	0.0010
0.0010	0.9970	0.0010	0.0010
0.8980	0.0260	0.0750	0.0010
0.5180	0.0920	0.0800	0.3110
0.0970	0.2590	0.0800	0.5640
0.0350	0.0010	0.0010	0.9630
0.0010	0.9630	0.0010	0.0350
0.0010	0.9970	0.0010	0.0010
0.0010	0.9970	0.0010	0.0010
0.9420	0.0010	0.0560	0.0010
0.1130	0.0960	0.7130	0.0780
0.5270	0.2660	0.1810	0.0260
0.8300	0.0070	0.1620	0.0010
0.0710	0.0160	0.4260	0.4870
0.0090	0.0850	0.8240	0.0820
0.0050	0.9580	0.0070	0.0310
>TACGTGCV_HIF-1a(bHLH)/MCF7-HIF1a-ChIP-Seq(GSE28352)/Homer
0.0280	0.1490	0.2730	0.5500
0.8680	0.0010	0.1300	0.0010
0.0050	0.9590	0.0010	0.0350
0.0040	0.0150	0.9700	0.0110
0.0020	0.0530	0.0010	0.9440
0.1310	0.0560	0.7890	0.0240
0.3280	0.6500	0.0020	0.0200
0.2230	0.3450	0.2690	0.1630
>NTATYGATCH_HNF6(Homeobox)/Liver-Hnf6-ChIP-Seq(ERP000394)/Homer
0.2490	0.1920	0.3180	0.2410
0.1300	0.1050	0.1590	0.6060
0.9970	0.0010	0.0010	0.0010
0.0010	0.0010	0.0010	0.9970
0.0010	0.5100	0.0010	0.4880
0.0010	0.0010	0.9970	0.0010
0.9970	0.0010	0.0010	0.0010
0.0010	0.0290	0.0010	0.9690
0.0010	0.6740	0.0010	0.3240
0.2370	0.3800	0.1420	0.2420
>GAAASYGAAASY_IRF2(IRF)/Erythroblas-IRF2-ChIP-Seq(GSE36985)/Homer
0.1860	0.1460	0.4940	0.1730
0.6120	0.1390	0.1990	0.0500
0.7480	0.0370	0.1190	0.0960
0.7860	0.0320	0.0690	0.1130
0.1770	0.3520	0.3600	0.1110
0.1410	0.3590	0.1290	0.3720
0.2590	0.0990	0.6340	0.0080
0.6350	0.1410	0.1840	0.0400
0.7300	0.1000	0.0850	0.0850
0.7420	0.1150	0.0930	0.0500
0.1130	0.4070	0.4400	0.0400
0.1010	0.3370	0.1710	0.3910
>DGGGYGKGGC_KLF5(Zf)/LoVo-KLF5-ChIP-Seq(GSE49402)/Homer
0.3640	0.0550	0.2240	0.3570
0.1160	0.0010	0.8820	0.0010
0.0010	0.0010	0.9970	0.0010
0.0010	0.0010	0.9970	0.0010
0.0810	0.4280	0.0010	0.4900
0.0150	0.0010	0.9720	0.0120
0.0460	0.0230	0.4050	0.5260
0.0550	0.0010	0.9220	0.0220
0.0620	0.0600	0.6940	0.1840
0.0770	0.7560	0.0190	0.1480
>TGCTGACTCA_MafA(bZIP)/Islet-MafA-ChIP-Seq(GSE30298)/Homer
0.0610	0.1440	0.0320	0.7630
0.0090	0.0010	0.9890	0.0010
0.0040	0.9880	0.0010	0.0070
0.0170	0.0050	0.0170	0.9610
0.0010	0.0010	0.9750	0.0230
0.9480	0.0110	0.0240	0.0170
0.0100	0.7310	0.1950	0.0640
0.1790	0.1230	0.1140	0.5840
0.1250	0.5490	0.1920	0.1340
0.6200	0.1000	0.1590	0.1210
>CTTGGCACNGTGCCAA_NF1(CTF)/LNCAP-NF1-ChIP-Seq(Unpublished)/Homer
0.1130	0.4730	0.2010	0.2130
0.0670	0.4260	0.0380	0.4700
0.0560	0.0030	0.1580	0.7830
0.0010	0.0010	0.9950	0.0030
0.0190	0.0040	0.9640	0.0140
0.1640	0.7820	0.0430	0.0110
0.5060	0.1860	0.0330	0.2750
0.1790	0.3560	0.2570	0.2080
0.2620	0.2220	0.2110	0.3040
0.1800	0.2710	0.3520	0.1970
0.2640	0.0290	0.1940	0.5130
0.0080	0.0530	0.7840	0.1550
0.0160	0.9600	0.0050	0.0190
0.0050	0.9930	0.0010	0.0010
0.7840	0.1550	0.0030	0.0580
0.4420	0.0640	0.4210	0.0730
>ATTTTCCATT_NFAT(RHD)/Jurkat-NFATC1-ChIP-Seq(Jolma_et_al.)/Homer
0.5390	0.0290	0.0610	0.3720
0.0580	0.1650	0.2370	0.5390
0.0010	0.0010	0.0300	0.9680
0.0010	0.0010	0.0010	0.9970
0.0010	0.0010	0.0010	0.9970
0.0010	0.9970	0.0010	0.0010
0.0010	0.9970	0.0010	0.0010
0.9250	0.0010	0.0730	0.0010
0.0310	0.3580	0.0590	0.5520
0.0810	0.2540	0.1390	0.5260
>AAGCACTTAA_Nkx3.1(Homeobox)/LNCaP-Nkx3.1-ChIP-Seq(GSE28264)/Homer
0.5510	0.1140	0.2970	0.0380
0.6440	0.0830	0.2720	0.0010
0.1720	0.2200	0.6070	0.0010
0.0170	0.7050	0.0010	0.2770
0.9860	0.0120	0.0010	0.0010
0.0140	0.9840	0.0010	0.0010
0.0480	0.0010	0.0010	0.9500
0.0130	0.3780	0.0370	0.5720
0.7080	0.1500	0.0010	0.1410
0.4270	0.2740	0.2560	0.0430
>GKTAATGR_Nkx6.1(Homeobox)/Islet-Nkx6.1-ChIP-Seq(GSE40975)/Homer
0.1580	0.1850	0.4210	0.2360
0.1800	0.0630	0.3060	0.4510
0.0010	0.0010	0.0010	0.9970
0.9970	0.0010	0.0010	0.0010
0.9970	0.0010	0.0010	0.0010
0.0010	0.0010	0.0010	0.9970
0.0010	0.0990	0.5620	0.3380
0.5260	0.0010	0.4720	0.0010
>CTGCGCATGCGC_NRF1(NRF)/MCF7-NRF1-ChIP-Seq(Unpublished)/Homer
0.0780	0.6280	0.1970	0.0980
0.0520	0.1700	0.1060	0.6730
0.0360	0.0060	0.9550	0.0030
0.0400	0.9360	0.0180	0.0060
0.0170	0.0040	0.9760	0.0030
0.0050	0.9830	0.0070	0.0060
0.7340	0.1680	0.0680	0.0310
0.0410	0.0770	0.1670	0.7150
0.0050	0.0130	0.9750	0.0070
0.0110	0.9590	0.0040	0.0260
0.0080	0.0200	0.9220	0.0500
0.0060	0.9280	0.0090	0.0570
>TGACCTTTNCNT_Nur77(NR)/K562-NR4A1-ChIP-Seq(GSE31363)/Homer
0.0010	0.0010	0.0010	0.9970
0.1770	0.0010	0.8210	0.0010
0.9970	0.0010	0.0010	0.0010
0.0010	0.9970	0.0010	0.0010
0.0880	0.9100	0.0010	0.0010
0.0010	0.0010	0.0010	0.9970
0.0010	0.0010	0.0010	0.9970
0.0010	0.0010	0.0010	0.9970
0.3080	0.3000	0.1670	0.2240
0.2090	0.5350	0.1220	0.1340
0.2660	0.2950	0.2610	0.1780
0.1810	0.2550	0.1360	0.4280
>WATGCAAATGAG_Oct6(POU,Homeobox)/NPC-Pou3f1-ChIP-Seq(GSE35496)/Homer
0.2680	0.1900	0.1290	0.4140
0.8950	0.0090	0.0350	0.0610
0.0260	0.0010	0.0080	0.9650
0.0200	0.0590	0.8320	0.0890
0.0430	0.7050	0.0850	0.1670
0.5720	0.0200	0.0010	0.4070
0.8660	0.0010	0.1320	0.0010
0.9970	0.0010	0.0010	0.0010
0.0340	0.0010	0.0890	0.8760
0.0840	0.1940	0.4640	0.2570
0.5540	0.0810	0.1390	0.2260
0.2880	0.1710	0.4750	0.0670
>ACATGCCCGGGCAT_p53(p53)/mES-cMyc-ChIP-Seq(GSE11431)/Homer
0.5920	0.0060	0.3280	0.0740
0.0060	0.9580	0.0350	0.0010
0.7410	0.0660	0.0630	0.1300
0.2140	0.0310	0.0920	0.6640
0.0010	0.0040	0.9940	0.0010
0.0010	0.8540	0.0220	0.1220
0.0150	0.9620	0.0010	0.0220
0.0240	0.7240	0.0160	0.2360
0.2460	0.0220	0.6860	0.0460
0.0120	0.0060	0.9780	0.0040
0.1170	0.0180	0.8640	0.0010
0.0060	0.9920	0.0010	0.0010
0.7240	0.0880	0.0580	0.1290
0.1660	0.0860	0.1860	0.5620
>AGGGGATTTCCC_NFkB-p65(RHD)/GM12787-p65-ChIP-Seq(GSE19485)/Homer
0.3860	0.0930	0.1970	0.3240
0.0980	0.0050	0.7280	0.1700
0.0020	0.0010	0.9920	0.0040
0.0010	0.0010	0.9650	0.0330
0.3540	0.0010	0.6220	0.0230
0.6020	0.1380	0.1720	0.0890
0.3550	0.0720	0.0160	0.5570
0.0310	0.0140	0.0170	0.9370
0.0010	0.1930	0.0010	0.8050
0.0010	0.8160	0.0010	0.1820
0.0020	0.9730	0.0010	0.0230
0.2610	0.6090	0.0190	0.1120
>NGTGTTCAVTSAAGCGKAAA_PAX6(Paired,Homeobox)/Forebrain-Pax6-ChIP-Seq(GSE66961)/Homer
0.1960	0.2640	0.2540	0.2860
0.2060	0.2340	0.4200	0.1400
0.2640	0.0590	0.2470	0.4300
0.3160	0.0190	0.6550	0.0100
0.1570	0.2340	0.2180	0.3910
0.0010	0.1850	0.3050	0.5090
0.1170	0.6670	0.0010	0.2150
0.8630	0.0010	0.1170	0.0190
0.2340	0.3640	0.2840	0.1180
0.0010	0.1850	0.0010	0.8130
0.0010	0.5570	0.4230	0.0190
0.8110	0.0010	0.1870	0.0010
0.5200	0.0010	0.1660	0.3130
0.0010	0.1750	0.8230	0.0010
0.0010	0.7460	0.0090	0.2440
0.3420	0.0010	0.6090	0.0480
0.0490	0.0680	0.4620	0.4210
0.6570	0.0010	0.3030	0.0390
0.7560	0.1660	0.0100	0.0680
0.5010	0.1370	0.2740	0.0880
>YTAATTRAWWCCAGATGT_Pitx1:Ebox(Homeobox,bHLH)/Hindlimb-Pitx1-ChIP-Seq(GSE41591)/Homer
0.2210	0.2520	0.1470	0.3800
0.3180	0.0700	0.0970	0.5150
0.6940	0.0430	0.1780	0.0850
0.9950	0.0030	0.0010	0.0010
0.1470	0.1550	0.0970	0.6010
0.1820	0.1630	0.1780	0.4770
0.4110	0.1780	0.2870	0.1240
0.3960	0.1820	0.1940	0.2290
0.4770	0.1010	0.0780	0.3450
0.4420	0.1130	0.0740	0.3720
0.3060	0.4730	0.1160	0.1040
0.0110	0.9870	0.0010	0.0010
0.9830	0.0010	0.0010	0.0150
0.0390	0.2010	0.5390	0.2210
0.5890	0.2830	0.1160	0.0120
0.0300	0.0010	0.0010	0.9680
0.0190	0.0190	0.7950	0.1670
0.0930	0.1820	0.2440	0.4810
>CGGAAGTGAAAC_PU.1-IRF(ETS:IRF)/Bcell-PU.1-ChIP-Seq(GSE21512)/Homer
0.3180	0.4060	0.2010	0.0760
0.2870	0.0020	0.6770	0.0340
0.0570	0.0060	0.9360	0.0010
0.9880	0.0050	0.0040	0.0040
0.9680	0.0010	0.0020	0.0290
0.2030	0.1400	0.6460	0.0110
0.1490	0.0360	0.0630	0.7510
0.0180	0.0130	0.9650	0.0040
0.8530	0.0520	0.0780	0.0170
0.7530	0.1180	0.1170	0.0120
0.7740	0.0350	0.1530	0.0380
0.1110	0.5320	0.2880	0.0690
>AGGTCAAGGTCA_RARg(NR)/ES-RARg-ChIP-Seq(GSE30538)/Homer
0.6810	0.0010	0.3010	0.0170
0.0270	0.0010	0.9510	0.0210
0.0010	0.0010	0.7270	0.2710
0.0660	0.0130	0.0010	0.9200
0.0010	0.9080	0.0740	0.0170
0.9970	0.0010	0.0010	0.0010
0.8160	0.0010	0.1660	0.0170
0.1260	0.0010	0.8720	0.0010
0.0010	0.0010	0.9970	0.0010
0.0830	0.2120	0.2640	0.4400
0.0010	0.8080	0.0700	0.1210
0.7930	0.0010	0.1210	0.0850
>GGGRAARRGRMCAGMTG_RBPJ:Ebox(?,bHLH)/Panc1-Rbpj1-ChIP-Seq(GSE47459)/Homer
0.0920	0.0050	0.5670	0.3360
0.0010	0.0020	0.9340	0.0630
0.1250	0.0010	0.8390	0.0350
0.5510	0.0310	0.4090	0.0090
0.9000	0.0190	0.0800	0.0010
0.5960	0.1370	0.2030	0.0640
0.3780	0.2100	0.3260	0.0850
0.3450	0.1840	0.3550	0.1160
0.2480	0.1700	0.4140	0.1680
0.2720	0.2320	0.4040	0.0920
0.3030	0.4420	0.2530	0.0020
0.0750	0.9220	0.0020	0.0010
0.9260	0.0010	0.0010	0.0720
0.0190	0.0850	0.6240	0.2720
0.4230	0.4200	0.1560	0.0010
0.1650	0.0010	0.0210	0.8130
0.0010	0.0190	0.9260	0.0540
>SCCTAGCAACAG_Rfx5(HTH)/GM12878-Rfx5-ChIP-Seq(GSE31477)/Homer
0.1230	0.3920	0.2930	0.1910
0.0200	0.8540	0.0200	0.1060
0.2990	0.4860	0.0100	0.2040
0.0010	0.2120	0.0010	0.7860
0.6110	0.0100	0.3780	0.0010
0.0070	0.0010	0.9910	0.0010
0.0790	0.6720	0.0010	0.2480
0.8750	0.0010	0.1040	0.0200
0.9810	0.0170	0.0010	0.0010
0.0010	0.9970	0.0010	0.0010
0.4530	0.2130	0.0820	0.2530
0.2310	0.1760	0.4480	0.1450
>VBSYGTCTGG_Smad4(MAD)/ESC-SMAD4-ChIP-Seq(GSE29422)/Homer
0.2250	0.2370	0.3590	0.1790
0.1610	0.3190	0.3300	0.1910
0.1750	0.3660	0.2880	0.1710
0.0970	0.4680	0.0010	0.4330
0.0010	0.0010	0.9970	0.0010
0.0010	0.0010	0.0010	0.9970
0.0010	0.9970	0.0010	0.0010
0.0010	0.0010	0.0010	0.9970
0.1600	0.0010	0.8380	0.0010
0.0010	0.3580	0.5190	0.1220
>AAAGRGGAAGTG_SpiB(ETS)/OCILY3-SPIB-ChIP-Seq(GSE56857)/Homer
0.6740	0.0560	0.1200	0.1500
0.6980	0.0140	0.1630	0.1250
0.6940	0.0510	0.0740	0.1810
0.2620	0.0450	0.5940	0.0990
0.4390	0.2660	0.2940	0.0010
0.1830	0.0010	0.8150	0.0010
0.0010	0.0010	0.9970	0.0010
0.9970	0.0010	0.0010	0.0010
0.9970	0.0010	0.0010	0.0010
0.0870	0.2650	0.6200	0.0280
0.0140	0.1490	0.0450	0.7920
0.0420	0.1670	0.7260	0.0650
>CGGTCACGCCAC_Srebp2(bHLH)/HepG2-Srebp2-ChIP-Seq(GSE31477)/Homer
0.3280	0.5660	0.0010	0.1050
0.2350	0.1380	0.3980	0.2290
0.3380	0.1390	0.5210	0.0010
0.0010	0.0100	0.0010	0.9880
0.0130	0.9600	0.0260	0.0010
0.9970	0.0010	0.0010	0.0010
0.0010	0.8020	0.1960	0.0010
0.1910	0.3750	0.4330	0.0010
0.0010	0.9970	0.0010	0.0010
0.0250	0.9610	0.0010	0.0130
0.9510	0.0470	0.0010	0.0010
0.0010	0.7030	0.1020	0.1940
>AGGTGTCA_Tbx5(T-box)/HL1-Tbx5.biotin-ChIP-Seq(GSE21529)/Homer
0.7860	0.0020	0.1390	0.0740
0.1680	0.0210	0.7780	0.0340
0.0020	0.1430	0.8420	0.0140
0.0020	0.0830	0.0020	0.9140
0.0020	0.0020	0.9950	0.0020
0.1590	0.2260	0.0660	0.5500
0.0160	0.4950	0.2310	0.2600
0.7190	0.0220	0.1330	0.1270
>CCWGGAATGY_TEAD4(TEA)/Tropoblast-Tead4-ChIP-Seq(GSE37350)/Homer
0.1760	0.4000	0.2500	0.1740
0.1570	0.4620	0.2420	0.1390
0.3410	0.1660	0.1440	0.3490
0.0330	0.0110	0.9140	0.0420
0.0010	0.0010	0.9970	0.0010
0.7390	0.0880	0.0190	0.1540
0.9740	0.0010	0.0010	0.0240
0.0010	0.0010	0.0010	0.9970
0.0010	0.1760	0.5870	0.2360
0.0550	0.4970	0.0010	0.4480
>NCTGGAATGC_TEAD(TEA)/Fibroblast-PU.1-ChIP-Seq(Unpublished)/Homer
0.2090	0.3590	0.1840	0.2480
0.3040	0.4580	0.0010	0.2370
0.4600	0.0010	0.0010	0.5380
0.0010	0.0010	0.9970	0.0010
0.0010	0.0010	0.9970	0.0010
0.9970	0.0010	0.0010	0.0010
0.9970	0.0010	0.0010	0.0010
0.0010	0.0010	0.0010	0.9970
0.0010	0.0220	0.5690	0.4080
0.1540	0.4410	0.0010	0.4040
>GGGGCTYGKCTGGGA_Zfp809(Zf)/ES-Zfp809-ChIP-Seq(GSE70799)/Homer
0.1960	0.1230	0.5210	0.1600
0.1680	0.1000	0.4640	0.2680
0.1120	0.0300	0.5700	0.2880
0.0450	0.1610	0.7780	0.0160
0.0010	0.9970	0.0010	0.0010
0.2030	0.0840	0.0320	0.6810
0.0010	0.3930	0.1540	0.4510
0.0670	0.0010	0.9230	0.0090
0.0420	0.1910	0.3670	0.4000
0.0190	0.7840	0.0550	0.1420
0.1270	0.2090	0.0030	0.6610
0.0010	0.0010	0.9970	0.0010
0.0010	0.0010	0.9970	0.0010
0.0010	0.0010	0.9970	0.0010
0.7070	0.0890	0.1670	0.0370
>AGGCCTGG_ZFX(Zf)/mES-Zfx-ChIP-Seq(GSE11431)/Homer
0.9220	0.0010	0.0760	0.0010
0.0010	0.0010	0.9970	0.0010
0.0010	0.0010	0.9970	0.0010
0.0010	0.9970	0.0010	0.0010
0.0010	0.9970	0.0010	0.0010
0.0010	0.1130	0.0010	0.8850
0.3580	0.1380	0.3600	0.1440
0.1880	0.1980	0.5330	0.0810
>CNGTCCTCCC_Znf263(Zf)/K562-Znf263-ChIP-Seq(GSE31477)/Homer
0.1520	0.4130	0.2420	0.1930
0.3330	0.2400	0.3090	0.1180
0.0050	0.3340	0.6600	0.0010
0.0010	0.0010	0.0010	0.9970
0.0010	0.5120	0.4860	0.0010
0.0010	0.9970	0.0010	0.0010
0.0010	0.0010	0.0010	0.9970
0.0010	0.9970	0.0010	0.0010
0.0010	0.9970	0.0010	0.0010
0.1380	0.6580	0.0020	0.2030
>GTCWGCTGTYYCTCT_ZNF317(Zf)/HEK293-ZNF317.GFP-ChIP-Seq(GSE58341)/Homer
0.2450	0.0010	0.7530	0.0010
0.0010	0.0010	0.0010	0.9970
0.0010	0.9970	0.0010	0.0010
0.4720	0.0370	0.0940	0.3970
0.0010	0.0180	0.8110	0.1700
0.0010	0.7550	0.0370	0.2070
0.3570	0.0940	0.0010	0.5480
0.0010	0.0010	0.9970	0.0010
0.1320	0.0940	0.0010	0.7730
0.0380	0.4720	0.0940	0.3960
0.1890	0.3400	0.0570	0.4150
0.2080	0.4330	0.0760	0.2830
0.2060	0.1890	0.0010	0.6040
0.0010	0.9430	0.0010	0.0550
0.0750	0.3020	0.1320	0.4910
>WDNCTGGGCA_ZNF416(Zf)/HEK293-ZNF416.GFP-ChIP-Seq(GSE58341)/Homer
0.3240	0.1750	0.0920	0.4100
0.2490	0.1830	0.3440	0.2240
0.2700	0.2900	0.2010	0.2390
0.0010	0.9800	0.0010	0.0180
0.0980	0.0090	0.0890	0.8040
0.0010	0.0010	0.9510	0.0470
0.0860	0.0010	0.8730	0.0400
0.1080	0.0010	0.8900	0.0010
0.2650	0.6860	0.0010	0.0480
0.6850	0.0940	0.0480	0.1730
>GAGSCCGAGC_ZNF519(Zf)/HEK293-ZNF519.GFP-ChIP-Seq(GSE58341)/Homer
0.0010	0.0010	0.9970	0.0010
0.9970	0.0010	0.0010	0.0010
0.0010	0.0010	0.9970	0.0010
0.0200	0.4830	0.3390	0.1580
0.0110	0.9730	0.0100	0.0060
0.0210	0.9250	0.0010	0.0530
0.0010	0.0660	0.9320	0.0010
0.9550	0.0250	0.0160	0.0040
0.0010	0.0010	0.9930	0.0050
0.0010	0.9710	0.0010	0.0270
>SMCAGTCWGAKGGAGGAGGC_ZSCAN22(Zf)/HEK293-ZSCAN22.GFP-ChIP-Seq(GSE58341)/Homer
0.0920	0.3510	0.3700	0.1870
0.3020	0.4190	0.1430	0.1350
0.1830	0.3950	0.2190	0.2040
0.5740	0.0320	0.2150	0.1790
0.1670	0.0320	0.7850	0.0160
0.1750	0.2110	0.0800	0.5340
0.0160	0.9080	0.0280	0.0480
0.4180	0.0360	0.0400	0.5060
0.0630	0.0040	0.9320	0.0010
0.9790	0.0080	0.0120	0.0010
0.0720	0.0160	0.4940	0.4190
0.0660	0.0010	0.9320	0.0010
0.0360	0.0040	0.9560	0.0040
0.5610	0.1080	0.1480	0.1830
0.1820	0.0010	0.8160	0.0010
0.0030	0.0010	0.9950	0.0010
0.9080	0.0240	0.0360	0.0320
0.0280	0.0010	0.9670	0.0040
0.1190	0.0120	0.8530	0.0160
0.1030	0.6620	0.1200	0.1150
