>MA0006.1_Ahr::Arnt
0.1250	0.3333	0.0834	0.4583
0.0000	0.0000	0.9582	0.0417
0.0000	0.9582	0.0000	0.0417
0.0000	0.0000	0.9582	0.0417
0.0000	0.0000	0.0000	0.9999
0.0000	0.0000	0.9999	0.0000
>MA0038.1_Gfi1
0.1698	0.3773	0.1698	0.2830
0.5283	0.3019	0.1321	0.0378
0.9999	0.0000	0.0000	0.0000
0.9999	0.0000	0.0000	0.0000
0.0189	0.0000	0.0189	0.9622
0.0189	0.9811	0.0000	0.0000
0.5849	0.1321	0.0378	0.2453
0.1510	0.5283	0.2076	0.1132
0.3585	0.2076	0.0378	0.3962
0.1321	0.2453	0.5283	0.0944
>MA0041.1_Foxd3
0.2340	0.0638	0.5532	0.1489
0.6383	0.0426	0.0000	0.3191
0.5106	0.0213	0.0000	0.4681
0.0213	0.0851	0.0000	0.8936
0.2553	0.0000	0.7234	0.0213
0.0000	0.0000	0.0000	0.9999
0.0213	0.0000	0.0000	0.9787
0.1064	0.0000	0.2128	0.6808
0.2979	0.0000	0.4468	0.2553
0.1277	0.1489	0.0000	0.7234
0.0213	0.0426	0.0851	0.8510
0.0000	0.2553	0.0000	0.7446
>MA0059.1_MAX::MYC
0.3333	0.0477	0.4285	0.1905
0.7142	0.0477	0.1905	0.0477
0.0953	0.4285	0.4285	0.0477
0.0477	0.9522	0.0000	0.0000
0.9999	0.0000	0.0000	0.0000
0.0000	0.9522	0.0000	0.0477
0.0477	0.0000	0.9522	0.0000
0.0000	0.0477	0.0000	0.9522
0.0000	0.0000	0.9999	0.0000
0.0477	0.0477	0.8570	0.0477
0.1429	0.2381	0.0000	0.6190
>MA0063.1_Nkx2-5
0.4117	0.0001	0.0589	0.5293
0.0001	0.2353	0.0001	0.7646
0.9998	0.0001	0.0001	0.0001
0.9998	0.0001	0.0001	0.0001
0.0001	0.0001	0.4117	0.5882
0.2353	0.1177	0.0001	0.6470
0.1177	0.0589	0.6470	0.1765
>MA0066.1_PPARG
0.1072	0.2857	0.5000	0.1072
0.1072	0.0000	0.0000	0.8928
0.6785	0.0000	0.3214	0.0000
0.0000	0.0357	0.9642	0.0000
0.0357	0.0000	0.9285	0.0357
0.0000	0.0357	0.1429	0.8213
0.0715	0.8213	0.1072	0.0000
0.9285	0.0357	0.0000	0.0357
0.1786	0.5357	0.1429	0.1429
0.1786	0.2500	0.3571	0.2143
0.1429	0.0715	0.6428	0.1429
0.0357	0.0000	0.0715	0.8928
0.0715	0.1786	0.7142	0.0357
0.7856	0.1786	0.0000	0.0357
0.0357	0.9642	0.0000	0.0000
0.0000	0.8928	0.0000	0.1072
0.1072	0.4285	0.0000	0.4643
0.7856	0.1786	0.0000	0.0357
0.1786	0.4285	0.2143	0.1786
0.2500	0.0000	0.0357	0.7142
>MA0152.1_NFATC2
0.1154	0.0385	0.0769	0.7692
0.0385	0.0769	0.0769	0.8076
0.0385	0.0385	0.0000	0.9230
0.0000	0.0000	0.0000	0.9999
0.0385	0.9614	0.0000	0.0000
0.0000	0.9999	0.0000	0.0000
0.6922	0.1154	0.0385	0.1539
>MA0160.1_NR4A2
0.6153	0.0770	0.2308	0.0770
0.9284	0.0001	0.0715	0.0001
0.0001	0.0001	0.9284	0.0715
0.2143	0.0001	0.7856	0.0001
0.1429	0.1429	0.0001	0.7142
0.0001	0.9284	0.0001	0.0715
0.9998	0.0001	0.0001	0.0001
0.2308	0.6153	0.1539	0.0001
>MA0519.1_Stat5a::Stat5b
0.3739	0.1409	0.2681	0.2171
0.1256	0.2178	0.1757	0.4808
0.0000	0.0000	0.0000	1.0000
0.0000	0.0969	0.0000	0.9031
0.0000	0.9899	0.0000	0.0101
0.0159	0.7751	0.0000	0.2089
0.4267	0.3718	0.0000	0.2015
0.6993	0.0000	0.2508	0.0499
0.0000	0.0000	1.0000	0.0000
0.9019	0.0056	0.0000	0.0924
0.9018	0.0000	0.0982	0.0000
>MA0076.2_ELK4
0.0870	0.4254	0.2585	0.2291
0.1141	0.5559	0.1663	0.1637
0.5935	0.0423	0.3029	0.0613
0.0000	0.7844	0.0047	0.2110
0.0023	0.0000	0.0000	0.9977
0.0000	0.0000	0.0000	1.0000
0.0000	1.0000	0.0000	0.0000
0.0000	1.0000	0.0000	0.0000
0.0000	0.0000	0.8506	0.1494
0.0000	0.1462	0.8296	0.0242
0.0846	0.3656	0.1949	0.3548
>MA0150.2_Nfe2l2
0.2287	0.4656	0.1501	0.1556
0.5523	0.1074	0.2190	0.1212
0.1625	0.3292	0.3788	0.1295
0.2796	0.3402	0.2094	0.1708
0.6722	0.0386	0.2824	0.0069
0.0000	0.0000	0.0000	1.0000
0.0000	0.0000	0.9793	0.0207
1.0000	0.0000	0.0000	0.0000
0.0275	0.7342	0.1625	0.0758
0.1157	0.0275	0.0220	0.8347
0.0895	0.7562	0.0634	0.0909
0.7948	0.0041	0.1240	0.0771
0.0138	0.0152	0.9614	0.0096
0.0055	0.9628	0.0262	0.0055
0.8581	0.0358	0.0427	0.0634
>MA0137.3_STAT1
0.1009	0.2014	0.2163	0.4814
0.0000	0.0143	0.0000	0.9857
0.0000	0.0017	0.0303	0.9680
0.0995	0.8989	0.0017	0.0000
0.0300	0.5536	0.0000	0.4164
0.4792	0.0000	0.4511	0.0697
0.0449	0.0000	0.9551	0.0000
0.0080	0.0019	0.9441	0.0460
0.9975	0.0000	0.0025	0.0000
0.9986	0.0014	0.0000	0.0000
0.5178	0.0857	0.1998	0.1967
>MA0612.1_EMX1
0.2780	0.3080	0.2700	0.1440
0.1310	0.4090	0.1310	0.3290
0.0771	0.0781	0.0090	0.8358
0.9259	0.0180	0.0390	0.0170
0.9730	0.0030	0.0040	0.0200
0.0340	0.0210	0.0220	0.9230
0.0740	0.0450	0.2980	0.5830
0.7190	0.0180	0.2170	0.0460
0.1708	0.3576	0.3237	0.1479
0.1630	0.3480	0.2090	0.2800
>MA0632.1_Tcfl5
0.2630	0.2030	0.3080	0.2260
0.1130	0.2270	0.3640	0.2960
0.0580	0.8740	0.0170	0.0510
0.3724	0.0641	0.3363	0.2272
0.0060	0.9040	0.0190	0.0710
0.0710	0.0190	0.9040	0.0060
0.2272	0.3363	0.0641	0.3724
0.0510	0.0170	0.8740	0.0580
0.2960	0.3640	0.2270	0.1130
0.2260	0.3080	0.2030	0.2630
>MA0639.1_DBP
0.2186	0.2414	0.2681	0.2719
0.4453	0.1358	0.4077	0.0112
0.0007	0.0006	0.0003	0.9985
0.0005	0.0008	0.0781	0.9206
0.9340	0.0000	0.0655	0.0005
0.0002	0.7255	0.0021	0.2722
0.3088	0.0017	0.6895	0.0001
0.0004	0.0707	0.0009	0.9280
0.9593	0.0389	0.0009	0.0008
0.9993	0.0001	0.0003	0.0003
0.0180	0.4212	0.1753	0.3855
0.3625	0.2334	0.2461	0.1580
>MA0643.1_Esrrg
0.1284	0.2199	0.1030	0.5487
0.0438	0.6215	0.3043	0.0304
0.9492	0.0000	0.0384	0.0124
0.9966	0.0008	0.0023	0.0003
0.0008	0.0005	0.9792	0.0196
0.0000	0.0011	0.9979	0.0009
0.0290	0.0025	0.0519	0.9166
0.0004	0.9054	0.0165	0.0777
0.9001	0.0021	0.0942	0.0036
0.2888	0.2151	0.0792	0.4169
>MA0664.1_MLXIPL
0.4866	0.0437	0.3103	0.1594
0.1669	0.0371	0.1762	0.6199
0.0000	0.9760	0.0240	0.0000
0.9832	0.0000	0.0048	0.0120
0.0043	0.9700	0.0258	0.0000
0.0264	0.0026	0.9709	0.0000
0.0000	0.0000	0.0053	0.9947
0.0000	0.0000	1.0000	0.0000
0.5345	0.1652	0.1306	0.1697
0.1695	0.2224	0.0651	0.5430
>MA0680.1_PAX7
0.1491	0.0149	0.0215	0.8144
0.9893	0.0048	0.0043	0.0016
0.9992	0.0008	0.0000	0.0000
0.0016	0.0056	0.0008	0.9920
0.0027	0.7841	0.0064	0.2068
0.3039	0.0072	0.6889	0.0000
0.9946	0.0000	0.0027	0.0027
0.0032	0.0000	0.0000	0.9968
0.0056	0.0066	0.0024	0.9854
0.9097	0.0177	0.0115	0.0611
>MA0681.1_Phox2b
0.1231	0.0584	0.0209	0.7977
0.8514	0.0098	0.0968	0.0420
0.9961	0.0011	0.0027	0.0002
0.0505	0.2623	0.0256	0.6615
0.0322	0.3691	0.1812	0.4175
0.1094	0.3628	0.0750	0.4527
0.7967	0.0379	0.1449	0.0206
0.9705	0.0089	0.0164	0.0042
0.0000	0.0004	0.0000	0.9996
0.0581	0.0434	0.0019	0.8966
0.8471	0.0073	0.0400	0.1056
>MA0687.1_SPIC
0.3924	0.2262	0.1853	0.1962
0.5346	0.1023	0.2310	0.1320
0.7686	0.1033	0.0537	0.0744
0.9372	0.0435	0.0000	0.0193
0.6951	0.0000	0.0000	0.3049
0.1003	0.2508	0.6053	0.0435
0.4513	0.3026	0.2462	0.0000
0.0000	0.0351	0.9517	0.0132
0.0480	0.0000	0.8561	0.0959
0.8987	0.0308	0.0000	0.0705
0.7869	0.1271	0.0533	0.0328
0.0533	0.0000	0.9467	0.0000
0.1607	0.0857	0.0607	0.6929
0.6424	0.2011	0.0503	0.1061
>MA0145.3_TFCP2
0.5885	0.1059	0.2240	0.0816
0.9027	0.0094	0.0377	0.0502
0.8370	0.0029	0.0116	0.1485
0.0017	0.9948	0.0035	0.0000
0.0071	0.8214	0.0014	0.1700
0.1807	0.0042	0.8053	0.0098
0.0017	0.0154	0.9812	0.0017
0.2365	0.0438	0.0000	0.7196
0.0656	0.0856	0.0285	0.8203
0.1670	0.3409	0.0539	0.4383
>MA0698.1_ZBTB18
0.2605	0.3063	0.1828	0.2504
0.5167	0.0551	0.1854	0.2428
0.0535	0.0881	0.2370	0.6215
0.1880	0.7102	0.0987	0.0031
0.0015	0.9977	0.0002	0.0006
0.9825	0.0004	0.0024	0.0148
0.0002	0.0176	0.9818	0.0004
0.8939	0.0685	0.0182	0.0194
0.0010	0.0011	0.0068	0.9911
0.0002	0.0001	0.9996	0.0001
0.0034	0.0223	0.0026	0.9717
0.0149	0.0126	0.3934	0.5791
0.1262	0.2957	0.2835	0.2946
>MA0699.1_LBX2
0.2700	0.2467	0.2777	0.2056
0.1222	0.4798	0.1593	0.2387
0.0481	0.5009	0.0334	0.4175
0.8062	0.0910	0.0875	0.0153
0.8548	0.0827	0.0371	0.0254
0.0000	0.0092	0.0375	0.9532
0.0406	0.0698	0.0793	0.8104
0.9123	0.0104	0.0323	0.0451
0.3303	0.1448	0.3787	0.1461
0.2410	0.3261	0.2460	0.1869
>MA0712.1_OTX2
0.2159	0.2443	0.0875	0.4523
0.0333	0.0047	0.0000	0.9620
0.9418	0.0014	0.0121	0.0446
1.0000	0.0000	0.0000	0.0000
0.0120	0.0020	0.0766	0.9094
0.0342	0.9036	0.0225	0.0396
0.0280	0.7169	0.0417	0.2134
0.0918	0.2712	0.2947	0.3423
>MA0741.1_KLF16
0.2181	0.1752	0.5280	0.0786
0.3330	0.5957	0.0285	0.0429
0.0359	0.9345	0.0035	0.0261
0.6999	0.2806	0.0195	0.0000
0.0385	0.9405	0.0099	0.0111
0.1851	0.0644	0.6004	0.1501
0.0049	0.9951	0.0000	0.0000
0.0012	0.9938	0.0049	0.0000
0.0093	0.9329	0.0017	0.0561
0.2615	0.7032	0.0114	0.0239
0.0157	0.7914	0.0113	0.1816
>MA0755.1_CUX2
0.1298	0.0732	0.0680	0.7291
0.5277	0.0587	0.2725	0.1412
0.9757	0.0054	0.0116	0.0074
0.0099	0.0381	0.0100	0.9420
0.0016	0.9805	0.0020	0.0158
0.2982	0.0045	0.6888	0.0086
0.9908	0.0015	0.0035	0.0042
0.0086	0.0060	0.0014	0.9840
0.5919	0.1524	0.0986	0.1571
0.4347	0.2092	0.1110	0.2451
>MA0766.1_GATA5
0.4461	0.1929	0.0314	0.3296
0.0000	0.0000	1.0000	0.0000
0.9979	0.0000	0.0021	0.0000
0.0000	0.0000	0.0000	1.0000
0.7593	0.0589	0.0097	0.1722
0.7199	0.0641	0.1086	0.1074
0.1700	0.3001	0.4192	0.1106
0.4133	0.1810	0.3201	0.0856
>MA0767.1_GCM2
0.1355	0.2574	0.2839	0.3232
0.7582	0.0442	0.1717	0.0258
0.0163	0.0291	0.0170	0.9375
0.1628	0.0198	0.8173	0.0000
0.0503	0.7909	0.0827	0.0761
0.0355	0.0007	0.9179	0.0459
0.0000	0.0000	0.9902	0.0098
0.0008	0.0000	0.9992	0.0000
0.0452	0.2618	0.0447	0.6483
0.4538	0.1061	0.2583	0.1818
>MA0771.1_HSF4
0.1358	0.0726	0.0790	0.7126
0.0613	0.0077	0.0830	0.8480
0.0091	0.9734	0.0107	0.0068
0.0035	0.2444	0.1836	0.5684
0.5326	0.2123	0.2534	0.0017
0.0003	0.0012	0.9977	0.0008
0.8542	0.0706	0.0042	0.0710
0.8051	0.0331	0.0295	0.1323
0.1347	0.3661	0.2169	0.2822
0.2585	0.2205	0.3303	0.1907
0.1093	0.0236	0.0319	0.8353
0.0302	0.0075	0.0128	0.9494
0.0094	0.9608	0.0095	0.0203
>MA0793.1_POU6F2
0.5605	0.0974	0.1765	0.1656
0.1669	0.2761	0.4947	0.0622
0.0596	0.8218	0.0546	0.0641
0.0211	0.0180	0.0321	0.9287
0.3477	0.6141	0.0146	0.0236
0.9717	0.0221	0.0000	0.0062
0.0000	0.0012	0.0000	0.9988
0.0000	0.0036	0.0122	0.9842
0.9700	0.0079	0.0065	0.0156
0.3846	0.1656	0.0622	0.3876
>MA0808.1_TEAD3
0.5540	0.0029	0.3941	0.0490
0.1153	0.8645	0.0202	0.0000
1.0000	0.0000	0.0000	0.0000
0.0000	0.0000	0.0000	1.0000
0.2035	0.0010	0.0432	0.7523
0.0000	1.0000	0.0000	0.0000
0.0000	0.9998	0.0000	0.0002
0.4787	0.0232	0.1932	0.3050
>MA0811.1_TFAP2B
0.2252	0.2400	0.0566	0.4781
0.1355	0.2029	0.6411	0.0206
0.0066	0.9119	0.0749	0.0066
0.0003	0.9891	0.0000	0.0106
0.0035	0.6459	0.0478	0.3028
0.0657	0.3772	0.2136	0.3435
0.4080	0.2564	0.2793	0.0563
0.4006	0.0670	0.5324	0.0000
0.0253	0.0052	0.9695	0.0000
0.0102	0.1144	0.8722	0.0033
0.0230	0.7959	0.1212	0.0598
0.5792	0.0594	0.2107	0.1506
>MA0815.1_TFAP2C(var.3)
0.2076	0.1366	0.0839	0.5720
0.0000	0.2169	0.7831	0.0000
0.0000	1.0000	0.0000	0.0000
0.0000	1.0000	0.0000	0.0000
0.0068	0.8243	0.0378	0.1312
0.0328	0.3692	0.1490	0.4489
0.1389	0.3475	0.3517	0.1618
0.4165	0.1488	0.4046	0.0300
0.1325	0.0383	0.8222	0.0070
0.0000	0.0000	1.0000	0.0000
0.0000	0.0000	1.0000	0.0000
0.0000	0.8039	0.1961	0.0000
0.5739	0.0779	0.1535	0.1947
>MA0816.1_Ascl2
0.6733	0.1023	0.1790	0.0455
0.3743	0.1199	0.5029	0.0029
0.0099	0.9868	0.0000	0.0033
0.9524	0.0000	0.0000	0.0476
0.0201	0.0661	0.8621	0.0517
0.0098	0.9804	0.0065	0.0033
0.0132	0.0000	0.0000	0.9868
0.0000	0.0033	0.9901	0.0066
0.0187	0.6417	0.0467	0.2928
0.0939	0.2790	0.0773	0.5497
>MA0829.1_Srebf1(var.2)
0.6336	0.0715	0.2864	0.0085
0.1014	0.0261	0.0070	0.8655
0.0035	0.9965	0.0000	0.0000
0.9790	0.0000	0.0153	0.0057
0.0000	0.9594	0.0300	0.0106
0.0051	0.1179	0.8770	0.0000
0.0088	0.0433	0.0027	0.9452
0.0006	0.0040	0.9954	0.0000
0.9390	0.0120	0.0044	0.0446
0.0105	0.4889	0.0333	0.4673
>MA0830.1_TCF4
0.2330	0.4074	0.1046	0.2550
0.3846	0.1212	0.4740	0.0201
0.0003	0.9991	0.0000	0.0006
1.0000	0.0000	0.0000	0.0000
0.0000	0.8479	0.0965	0.0556
0.0027	0.9787	0.0186	0.0000
0.0057	0.0000	0.0000	0.9943
0.0013	0.0002	0.9972	0.0012
0.0184	0.3608	0.3110	0.3099
0.2609	0.2366	0.2379	0.2646
>MA0844.1_XBP1
0.5347	0.0679	0.0974	0.3000
0.3856	0.1199	0.2846	0.2099
0.1232	0.1329	0.2978	0.4462
0.0759	0.0286	0.7146	0.1809
0.4734	0.4875	0.0076	0.0316
0.0209	0.8961	0.0278	0.0553
0.9502	0.0021	0.0335	0.0143
0.0012	0.9972	0.0003	0.0014
0.0046	0.0000	0.9946	0.0009
0.0000	0.0018	0.0009	0.9974
0.0492	0.9402	0.0061	0.0045
0.9624	0.0058	0.0208	0.0111
0.0191	0.1886	0.2620	0.5303
0.1012	0.6462	0.1246	0.1280
>MA0862.1_GMEB2
0.0744	0.1641	0.2385	0.5230
0.0694	0.0278	0.2389	0.6639
0.9795	0.0000	0.0205	0.0000
0.0165	0.9835	0.0000	0.0000
0.0000	0.0165	0.9835	0.0000
0.0000	0.0808	0.0000	0.9192
0.7331	0.2025	0.0368	0.0276
0.6790	0.2386	0.0682	0.0142
>MA0884.1_DUXA
0.2209	0.3087	0.1913	0.2791
0.1460	0.1726	0.0672	0.6142
0.6353	0.0049	0.3482	0.0116
0.9788	0.0058	0.0106	0.0048
0.1067	0.3090	0.0980	0.4863
0.0118	0.3866	0.1903	0.4112
0.0154	0.2298	0.0775	0.6774
0.8903	0.0492	0.0413	0.0193
0.9769	0.0067	0.0096	0.0067
0.0000	0.0010	0.0049	0.9941
0.0000	0.9013	0.0027	0.0960
0.8543	0.0244	0.0438	0.0775
0.3590	0.1755	0.2791	0.1864
>MA0888.1_EVX2
0.2160	0.2504	0.3827	0.1509
0.2519	0.3088	0.3448	0.0945
0.0859	0.1915	0.0327	0.6899
0.4950	0.2458	0.2224	0.0368
0.9517	0.0073	0.0411	0.0000
0.0002	0.0078	0.0330	0.9590
0.0138	0.0392	0.0202	0.9269
0.9106	0.0000	0.0695	0.0199
0.2003	0.2379	0.3815	0.1803
0.1850	0.3778	0.2447	0.1925
>MA0906.1_HOXC12
0.3374	0.0603	0.5054	0.0970
0.2011	0.1130	0.6858	0.0002
0.0025	0.0155	0.0005	0.9815
0.0426	0.9199	0.0026	0.0349
0.0804	0.0004	0.9191	0.0000
0.0000	0.0005	0.0002	0.9993
0.8825	0.0029	0.0010	0.1136
0.9938	0.0000	0.0005	0.0058
0.9903	0.0030	0.0000	0.0067
0.7516	0.1112	0.0471	0.0901
0.3356	0.2651	0.0866	0.3128
>MA0908.1_HOXD11
0.3107	0.1311	0.5582	0.0000
0.0000	0.0000	0.0000	1.0000
0.0595	0.8550	0.0000	0.0855
0.2282	0.0000	0.7718	0.0000
0.0336	0.0000	0.0000	0.9664
0.7576	0.0000	0.0000	0.2424
0.9871	0.0000	0.0000	0.0129
0.9543	0.0166	0.0000	0.0290
0.6425	0.0810	0.0782	0.1983
0.3810	0.2208	0.0996	0.2987
>MA1100.1_ASCL1
0.2147	0.2574	0.3697	0.1583
0.1866	0.3982	0.2877	0.1275
0.6193	0.0981	0.1787	0.1039
0.0301	0.0247	0.9414	0.0038
0.0040	0.9813	0.0111	0.0037
0.9671	0.0087	0.0106	0.0136
0.0030	0.0397	0.9505	0.0068
0.0234	0.8995	0.0742	0.0030
0.0078	0.0098	0.0102	0.9722
0.0026	0.0034	0.9908	0.0033
0.0474	0.3110	0.4996	0.1421
0.2094	0.3069	0.2436	0.2401
0.2174	0.2513	0.3514	0.1799
>MA1109.1_NEUROD1
0.2458	0.1880	0.3181	0.2480
0.3308	0.1415	0.3970	0.1306
0.5649	0.1981	0.2165	0.0206
0.0075	0.9816	0.0057	0.0053
0.9820	0.0031	0.0070	0.0079
0.0070	0.0105	0.9430	0.0394
0.8913	0.0657	0.0337	0.0092
0.0241	0.0223	0.0083	0.9452
0.0057	0.0031	0.9776	0.0136
0.0259	0.0408	0.8598	0.0736
0.1635	0.3992	0.1832	0.2542
0.3032	0.2366	0.2625	0.1976
0.2358	0.2590	0.2752	0.2301
>MA1112.1_NR4A1
0.2940	0.2079	0.2135	0.2847
0.6778	0.0525	0.1486	0.1211
0.9790	0.0014	0.0086	0.0110
0.9721	0.0194	0.0018	0.0067
0.0026	0.0226	0.9556	0.0192
0.0041	0.0020	0.9920	0.0019
0.0020	0.0033	0.0025	0.9921
0.0054	0.9926	0.0000	0.0020
0.7633	0.0499	0.1027	0.0841
0.2409	0.2786	0.2401	0.2404
>MA1137.1_FOSL1::JUNB
0.2368	0.2687	0.1948	0.2997
0.2158	0.1459	0.3756	0.2627
0.5660	0.1000	0.2870	0.0470
0.0230	0.0160	0.0160	0.9450
0.0360	0.0210	0.8800	0.0630
0.9170	0.0200	0.0210	0.0420
0.0630	0.6260	0.1980	0.1130
0.0590	0.0230	0.1150	0.8030
0.2710	0.6830	0.0090	0.0370
0.9040	0.0210	0.0380	0.0370
0.0530	0.2250	0.1700	0.5520
0.3000	0.2980	0.2040	0.1980
0.2470	0.3000	0.2230	0.2300
>MA1139.1_FOSL2::JUNB(var.2)
0.2272	0.1502	0.3594	0.2633
0.6380	0.0650	0.2680	0.0290
0.0080	0.0170	0.0060	0.9690
0.0120	0.0210	0.7800	0.1870
0.9720	0.0050	0.0130	0.0100
0.0100	0.8990	0.0170	0.0740
0.0740	0.0160	0.9000	0.0100
0.0100	0.0120	0.0060	0.9720
0.1860	0.7780	0.0230	0.0130
0.9680	0.0050	0.0190	0.0080
0.0280	0.2660	0.0670	0.6390
0.2630	0.3580	0.1510	0.2280
>MA1147.1_NR4A2::RXRA
0.2877	0.2118	0.3706	0.1299
0.4985	0.1241	0.3483	0.0290
0.0200	0.0110	0.9231	0.0460
0.0509	0.0070	0.8032	0.1389
0.0460	0.1341	0.1281	0.6917
0.0070	0.8240	0.0310	0.1380
0.5920	0.0380	0.3430	0.0270
0.2482	0.0601	0.0871	0.6046
0.0020	0.0690	0.0050	0.9240
0.0700	0.0820	0.8360	0.0120
0.9260	0.0540	0.0170	0.0030
0.1570	0.8300	0.0020	0.0110
0.0400	0.9361	0.0040	0.0200
0.0050	0.5350	0.0230	0.4370
0.1039	0.4725	0.1798	0.2438
>MA1151.1_RORC
0.3060	0.1790	0.2600	0.2550
0.3290	0.1140	0.1410	0.4160
0.8550	0.0140	0.0110	0.1200
0.5270	0.0100	0.0320	0.4310
0.2250	0.2490	0.2770	0.2490
0.0430	0.0871	0.1161	0.7538
0.6224	0.0240	0.3427	0.0110
0.0050	0.0020	0.9190	0.0740
0.0360	0.0030	0.9530	0.0080
0.0590	0.1120	0.1680	0.6610
0.0060	0.8220	0.0190	0.1530
0.7850	0.0120	0.1610	0.0420
>MA1152.1_SOX15
0.0320	0.5540	0.1470	0.2670
0.0619	0.4116	0.0260	0.5005
0.6304	0.0030	0.0050	0.3616
0.0030	0.0030	0.0060	0.9880
0.0030	0.0020	0.0020	0.9930
0.0831	0.0210	0.8909	0.0050
0.0240	0.0020	0.0030	0.9710
0.1802	0.1882	0.1251	0.5065
0.2150	0.2530	0.1140	0.4180
0.2408	0.1878	0.1648	0.4066
