>cluster_10
0.0176	0.0007	0.9746	0.0072
0.0000	1.0000	0.0000	0.0000
0.0000	0.0000	1.0000	0.0000
0.0000	0.0000	0.9969	0.0031
0.9968	0.0005	0.0000	0.0027
0.0000	0.9990	0.0010	0.0000
0.0000	0.1142	0.8815	0.0043
0.0054	0.2990	0.1328	0.5629
0.0733	0.3294	0.1213	0.4760
0.0972	0.2609	0.6322	0.0097
0.0096	0.6994	0.0500	0.2409
0.7246	0.0146	0.2217	0.0391
0.5340	0.1618	0.2972	0.0070
0.0000	0.8390	0.1610	0.0000
0.0000	0.0000	0.9991	0.0009
0.0035	0.0004	0.0022	0.9939
0.0000	1.0000	0.0000	0.0000
0.0011	0.9989	0.0000	0.0000
0.0000	0.0020	0.9971	0.0010
0.0016	0.9819	0.0071	0.0093
>cluster_1017
0.0000	0.0900	0.9100	0.0000
0.9100	0.0200	0.0000	0.0700
0.0000	0.0297	0.0198	0.9505
0.0300	0.8300	0.1400	0.0000
0.5700	0.0400	0.3800	0.0100
0.0000	0.9600	0.0000	0.0400
0.9000	0.0300	0.0700	0.0000
0.0000	0.9500	0.0400	0.0100
0.0100	0.9600	0.0100	0.0200
>cluster_1018
0.0000	0.0100	0.9900	0.0000
0.8800	0.0100	0.0300	0.0800
0.3500	0.0100	0.0400	0.6000
0.9208	0.0297	0.0099	0.0396
0.9800	0.0000	0.0200	0.0000
0.0200	0.9700	0.0000	0.0100
0.8500	0.0300	0.0900	0.0300
0.0099	0.5841	0.3168	0.0891
0.0200	0.8700	0.0300	0.0800
>cluster_1049
0.2100	0.2700	0.1600	0.3600
0.2100	0.2500	0.1700	0.3700
0.5200	0.0300	0.2400	0.2100
0.1200	0.5800	0.0100	0.2900
0.1100	0.2400	0.4000	0.2500
0.1818	0.2222	0.2626	0.3333
0.2970	0.1980	0.2673	0.2376
0.2929	0.2323	0.2525	0.2222
>cluster_1060
0.0500	0.1800	0.7000	0.0700
0.8100	0.0000	0.0500	0.1400
0.0700	0.0000	0.8600	0.0700
0.0495	0.0594	0.8713	0.0198
0.7228	0.1386	0.1188	0.0198
0.0800	0.8100	0.0600	0.0500
0.9091	0.0000	0.0404	0.0505
0.0000	0.0800	0.8300	0.0900
0.7273	0.1515	0.0202	0.1010
>cluster_1164
0.2871	0.4059	0.0297	0.2772
0.0300	0.4000	0.0500	0.5200
0.0500	0.0600	0.8400	0.0500
0.0500	0.0600	0.8500	0.0400
0.3636	0.5858	0.0202	0.0303
0.0500	0.0500	0.0400	0.8600
0.2600	0.3400	0.3800	0.0200
0.3600	0.0200	0.2800	0.3400
0.0400	0.0400	0.0400	0.8800
0.0100	0.3000	0.2300	0.4600
0.0404	0.0404	0.0303	0.8889
0.0297	0.0495	0.0594	0.8614
>cluster_1175
0.1717	0.2949	0.4687	0.0646
0.1092	0.1059	0.2202	0.5647
0.0924	0.6370	0.1513	0.1193
0.4849	0.2383	0.2047	0.0722
0.0839	0.3121	0.2953	0.3087
0.0521	0.5344	0.1748	0.2387
0.3535	0.0505	0.1751	0.4209
0.0370	0.0101	0.9225	0.0303
0.0101	0.0741	0.0960	0.8199
0.1326	0.1946	0.0587	0.6141
0.1681	0.0151	0.6538	0.1630
0.0219	0.8975	0.0269	0.0538
0.0135	0.3704	0.0135	0.6027
0.5328	0.0202	0.4235	0.0235
0.1345	0.0387	0.6739	0.1529
0.0353	0.0454	0.8639	0.0555
0.2040	0.3313	0.3333	0.1313
0.4667	0.1899	0.2020	0.1414
0.2848	0.0626	0.5030	0.1495
0.5071	0.1616	0.2364	0.0950
>cluster_1189
0.0000	0.0000	1.0000	0.0000
0.0000	0.0000	0.0000	1.0000
0.9000	0.0800	0.0000	0.0200
0.3232	0.0404	0.6060	0.0303
0.0000	0.7778	0.1010	0.1212
0.0000	0.0000	0.9200	0.0800
0.9505	0.0099	0.0396	0.0000
0.0000	0.0300	0.9400	0.0300
>cluster_1253
0.4285	0.0001	0.0001	0.5712
0.0001	0.0001	0.9996	0.0001
0.0001	0.5712	0.4285	0.0001
0.4285	0.5712	0.0001	0.0001
0.8568	0.1429	0.0001	0.0001
0.7140	0.0001	0.0001	0.2857
0.2857	0.7140	0.0001	0.0001
>cluster_127
0.0444	0.1125	0.0467	0.7964
0.0321	0.0114	0.9276	0.0290
0.0639	0.9065	0.0115	0.0180
0.0319	0.9145	0.0273	0.0263
0.9894	0.0016	0.0085	0.0005
0.0012	0.9933	0.0013	0.0042
0.0041	0.0020	0.9933	0.0006
0.0014	0.0127	0.0014	0.9845
0.0438	0.1283	0.7821	0.0457
0.1074	0.0145	0.6356	0.2425
0.1433	0.7235	0.0618	0.0714
0.5622	0.1423	0.1997	0.0958
>cluster_1278
0.0920	0.1150	0.5820	0.2110
0.0010	0.3680	0.0010	0.6300
0.0940	0.2040	0.6490	0.0530
0.1670	0.0010	0.0010	0.8310
0.1210	0.5310	0.3300	0.0180
0.7800	0.0010	0.0010	0.2180
0.0760	0.2890	0.3080	0.3270
0.7860	0.0010	0.1910	0.0220
0.0010	0.9970	0.0010	0.0010
0.0160	0.0490	0.7710	0.1640
>cluster_1376
0.9993	0.0002	0.0002	0.0002
0.7495	0.2500	0.0002	0.0002
0.0002	0.0002	0.0002	0.9993
0.2500	0.0002	0.7495	0.0002
0.9993	0.0002	0.0002	0.0002
>cluster_1378
0.0600	0.0500	0.8400	0.0500
0.8500	0.0450	0.0600	0.0450
0.0500	0.0450	0.0500	0.8550
0.3450	0.0700	0.0450	0.5400
0.0448	0.0498	0.0647	0.8408
0.0503	0.8593	0.0452	0.0452
0.0450	0.6500	0.0500	0.2550
0.0448	0.0448	0.8607	0.0498
0.0600	0.8400	0.0550	0.0450
0.0796	0.0448	0.8308	0.0448
0.0000	0.0000	0.0000	0.9999
0.0000	0.0000	0.0000	0.9999
>cluster_1439
0.2192	0.1627	0.4226	0.1955
0.0892	0.1439	0.2258	0.5411
0.3539	0.3841	0.1611	0.1009
0.8031	0.0550	0.0566	0.0854
0.7241	0.0824	0.0300	0.1635
0.0034	0.0034	0.0161	0.9771
0.6466	0.0010	0.3500	0.0024
0.0134	0.0009	0.0092	0.9766
0.0134	0.0003	0.0269	0.9595
0.0030	0.0006	0.2793	0.7171
0.9601	0.0004	0.0384	0.0011
0.0031	0.8973	0.0108	0.0888
0.7748	0.0142	0.0335	0.1775
0.0308	0.1438	0.0301	0.7953
0.7175	0.0171	0.0436	0.2218
0.5737	0.0629	0.2563	0.1070
0.1239	0.3572	0.3271	0.1918
>cluster_1474
0.0000	1.0000	0.0000	0.0000
0.1089	0.3564	0.5346	0.0000
0.1386	0.7426	0.1188	0.0000
0.0000	0.5600	0.4400	0.0000
0.0000	0.0300	0.0100	0.9600
0.0300	0.9700	0.0000	0.0000
0.0200	0.0200	0.9200	0.0400
0.0000	0.3861	0.5841	0.0297
0.0000	0.0400	0.9600	0.0000
>cluster_1512
0.2278	0.2747	0.2687	0.2288
0.2693	0.2052	0.2633	0.2623
0.2248	0.2478	0.2987	0.2288
0.2330	0.3190	0.3230	0.1250
0.0990	0.6170	0.1130	0.1710
0.3600	0.0010	0.0010	0.6380
0.2730	0.1280	0.5710	0.0280
0.3874	0.0010	0.1351	0.4765
0.0970	0.0010	0.8140	0.0880
0.0010	0.4370	0.0160	0.5460
0.8270	0.1560	0.0050	0.0120
0.7060	0.2820	0.0010	0.0110
0.9950	0.0010	0.0010	0.0030
0.0010	0.8430	0.0010	0.1550
0.9970	0.0010	0.0010	0.0010
0.1840	0.2960	0.3510	0.1690
0.3063	0.2052	0.2613	0.2272
>cluster_1608
0.3800	0.2110	0.2540	0.1550
0.1330	0.0640	0.5920	0.2110
0.0740	0.0320	0.8010	0.0930
0.1020	0.3080	0.5080	0.0820
0.1560	0.8420	0.0010	0.0010
0.6520	0.0050	0.3420	0.0010
0.0010	0.9970	0.0010	0.0010
0.1350	0.1230	0.1600	0.5820
0.4955	0.1179	0.2478	0.1389
0.9850	0.0050	0.0050	0.0050
0.0010	0.6010	0.0010	0.3970
0.1678	0.3177	0.0649	0.4495
>cluster_1649
0.0000	0.5656	0.2121	0.2222
0.7800	0.0600	0.0200	0.1400
0.0300	0.0400	0.0100	0.9200
0.9400	0.0100	0.0300	0.0200
0.0100	0.9900	0.0000	0.0000
0.0099	0.9109	0.0693	0.0099
0.0300	0.0000	0.0000	0.9700
0.0200	0.0200	0.9300	0.0300
0.2100	0.1700	0.5000	0.1200
0.0900	0.4400	0.0000	0.4700
>cluster_1658
0.2667	0.1333	0.4667	0.1333
0.7222	0.0556	0.2222	0.0000
0.5500	0.2500	0.0500	0.1500
0.4000	0.0000	0.1000	0.5000
0.7500	0.1000	0.1000	0.0500
1.0000	0.0000	0.0000	0.0000
0.1000	0.0000	0.0000	0.9000
0.1000	0.0500	0.0500	0.8000
0.5500	0.0500	0.2000	0.2000
0.2500	0.4500	0.2500	0.0500
0.1579	0.4737	0.3158	0.0526
>cluster_1676
0.9995	0.0002	0.0002	0.0002
0.9995	0.0002	0.0002	0.0002
0.9995	0.0002	0.0002	0.0002
0.3333	0.0002	0.6664	0.0002
0.0002	0.0002	0.9995	0.0002
0.0002	0.4998	0.1667	0.3333
0.3333	0.4998	0.1667	0.0002
0.9995	0.0002	0.0002	0.0002
>cluster_17
0.3974	0.1086	0.4025	0.0915
0.3257	0.1980	0.1487	0.3277
0.0173	0.0190	0.7779	0.1858
0.0006	0.9890	0.0007	0.0097
0.7610	0.0148	0.2064	0.0177
0.9911	0.0000	0.0051	0.0038
0.0001	0.9998	0.0000	0.0000
0.9964	0.0002	0.0004	0.0031
0.1315	0.0014	0.8642	0.0029
0.0020	0.0002	0.9944	0.0035
0.0006	0.0065	0.0003	0.9926
0.1828	0.0621	0.5755	0.1797
0.0962	0.1657	0.4962	0.2419
0.1517	0.2387	0.2351	0.3745
0.2235	0.2545	0.0979	0.4241
>cluster_1719
0.0000	0.9999	0.0000	0.0000
0.9999	0.0000	0.0000	0.0000
0.0000	0.0000	0.0000	0.9999
0.0000	0.9999	0.0000	0.0000
0.9999	0.0000	0.0000	0.0000
0.0000	0.0000	0.9999	0.0000
>cluster_1735
1.0000	0.0000	0.0000	0.0000
0.0000	1.0000	0.0000	0.0000
1.0000	0.0000	0.0000	0.0000
0.5882	0.4118	0.0000	0.0000
0.8235	0.0000	0.0000	0.1765
0.0000	0.0000	1.0000	0.0000
0.0000	0.0000	1.0000	0.0000
0.2941	0.0000	0.7059	0.0000
0.0000	1.0000	0.0000	0.0000
>cluster_1796
0.3800	0.0000	0.0300	0.5900
0.0000	0.0000	0.0000	1.0000
0.0000	0.8200	0.1800	0.0000
0.0000	0.0000	0.9700	0.0300
0.8100	0.0000	0.1400	0.0500
0.7800	0.0200	0.1600	0.0400
0.0396	0.0396	0.8812	0.0396
0.0000	0.0400	0.8800	0.0800
0.0000	0.9100	0.0000	0.0900
>cluster_1807
0.2500	0.2500	0.1667	0.3333
0.4167	0.2500	0.0833	0.2500
0.0000	0.5000	0.0833	0.4167
0.1667	0.0833	0.2500	0.5000
0.0833	0.3333	0.0000	0.5833
1.0000	0.0000	0.0000	0.0000
0.0000	1.0000	0.0000	0.0000
0.0000	1.0000	0.0000	0.0000
0.0000	0.0000	0.0000	1.0000
0.0000	0.0000	1.0000	0.0000
0.3333	0.0833	0.0833	0.5000
0.2500	0.2500	0.5000	0.0000
0.0833	0.2500	0.0833	0.5833
>cluster_1812
1.0000	0.0000	0.0000	0.0000
0.0000	0.0000	1.0000	0.0000
0.0000	0.1220	0.1626	0.7154
0.0000	0.0000	1.0000	0.0000
0.0000	0.0000	0.0000	1.0000
0.0000	0.0000	1.0000	0.0000
0.0000	0.0000	0.0000	1.0000
0.0000	0.0000	1.0000	0.0000
0.0000	0.9931	0.0000	0.0069
0.9896	0.0009	0.0078	0.0017
0.1773	0.4645	0.1687	0.1894
0.2388	0.1851	0.0917	0.4844
>cluster_1907
0.1800	0.0000	0.7700	0.0500
0.0693	0.0000	0.9010	0.0297
0.0500	0.0200	0.8900	0.0400
0.0400	0.8400	0.0400	0.0800
0.8800	0.0100	0.0000	0.1100
0.0099	0.0099	0.9307	0.0495
0.0495	0.0099	0.7129	0.2277
0.0297	0.0495	0.8218	0.0990
0.6700	0.0600	0.1500	0.1200
0.1485	0.3069	0.1188	0.4257
>cluster_1913
0.0700	0.1240	0.0620	0.7440
0.0160	0.1260	0.7860	0.0720
0.1400	0.8260	0.0010	0.0330
0.7350	0.0510	0.1670	0.0470
0.6350	0.0010	0.0210	0.3430
0.1440	0.0740	0.1150	0.6670
0.1120	0.0590	0.7300	0.0990
0.1300	0.0870	0.0700	0.7130
0.8450	0.0130	0.0110	0.1310
>cluster_1927
0.0930	0.7020	0.1070	0.0980
0.7170	0.0830	0.1020	0.0980
0.1230	0.1200	0.0920	0.6650
0.0880	0.7040	0.0950	0.1130
0.6970	0.1010	0.0790	0.1230
0.6940	0.0880	0.1100	0.1080
0.1050	0.7140	0.0930	0.0880
0.1240	0.0840	0.1120	0.6800
0.6930	0.0980	0.1120	0.0970
0.0930	0.7350	0.0900	0.0820
>cluster_199
0.1767	0.3336	0.3383	0.1514
0.1430	0.2004	0.1329	0.5237
0.3102	0.5034	0.0889	0.0975
0.0205	0.0349	0.9132	0.0314
0.0444	0.0163	0.2986	0.6407
0.0316	0.0046	0.9499	0.0139
0.0050	0.0072	0.1066	0.8812
0.1416	0.1804	0.1088	0.5692
0.3738	0.0249	0.5721	0.0292
0.0988	0.0048	0.2990	0.5973
0.0420	0.0054	0.9463	0.0063
0.0027	0.0054	0.9842	0.0078
0.0122	0.0163	0.9598	0.0117
0.7987	0.0538	0.0870	0.0604
0.6389	0.0572	0.1237	0.1802
0.5388	0.1143	0.1698	0.1772
0.1434	0.1602	0.6285	0.0678
>cluster_2002
0.2000	0.2000	0.4000	0.2000
0.3000	0.1000	0.3000	0.3000
0.6499	0.1000	0.2000	0.0500
0.0500	0.0500	0.0500	0.8499
0.1000	0.0500	0.7999	0.0500
0.8499	0.0500	0.0500	0.0500
0.0500	0.8499	0.0500	0.0500
0.1429	0.0477	0.7618	0.0477
0.5499	0.2500	0.1000	0.1000
0.4000	0.0000	0.3500	0.2500
0.0001	0.2632	0.2105	0.5263
0.6999	0.0500	0.1000	0.1500
0.4500	0.1000	0.2000	0.2500
0.2500	0.3000	0.2000	0.2500
>cluster_2005
0.1420	0.1780	0.1980	0.4820
0.1210	0.8410	0.0370	0.0010
0.0010	0.2320	0.7660	0.0010
0.3596	0.1538	0.1568	0.3297
0.6260	0.0010	0.0010	0.3720
0.1300	0.0010	0.8290	0.0400
0.1600	0.8380	0.0010	0.0010
0.9970	0.0010	0.0010	0.0010
0.5630	0.0440	0.0010	0.3920
0.1940	0.4840	0.0890	0.2330
>cluster_2075
0.2000	0.1500	0.5500	0.1000
0.2100	0.1200	0.6100	0.0600
0.2400	0.0100	0.7400	0.0100
0.3400	0.3600	0.2900	0.0100
0.0808	0.6262	0.0000	0.2929
0.0100	0.9800	0.0100	0.0000
0.9800	0.0100	0.0000	0.0100
0.0300	0.0000	0.0300	0.9400
0.0000	0.0100	0.0000	0.9900
0.1600	0.0200	0.3300	0.4900
0.2000	0.6200	0.1000	0.0800
0.0000	1.0000	0.0000	0.0000
>cluster_2095
0.1729	0.4187	0.1708	0.2375
0.4910	0.0830	0.3755	0.0505
0.0000	0.9160	0.0840	0.0000
0.0656	0.8511	0.0833	0.0000
0.0587	0.7419	0.1206	0.0788
0.2588	0.0000	0.6285	0.1128
0.0125	0.7875	0.0229	0.1771
0.7448	0.0602	0.1950	0.0000
0.0180	0.9581	0.0240	0.0000
0.0000	0.0570	0.9430	0.0000
0.0271	0.0000	0.9302	0.0426
0.9393	0.0607	0.0000	0.0000
0.9108	0.0000	0.0000	0.0892
0.1280	0.1137	0.7583	0.0000
0.0417	0.1458	0.1354	0.6771
0.2723	0.1580	0.4075	0.1622
>cluster_2147
0.3000	0.2000	0.1500	0.3500
0.3158	0.2632	0.2105	0.2105
0.1579	0.2105	0.1579	0.4736
0.0500	0.6499	0.1500	0.1500
0.4500	0.2000	0.3500	0.0000
0.1000	0.0500	0.1000	0.7499
0.0477	0.0477	0.0477	0.8570
0.9472	0.0001	0.0527	0.0001
0.0000	0.0000	0.9499	0.0500
0.9998	0.0001	0.0001	0.0001
0.9499	0.0500	0.0000	0.0000
0.0500	0.9499	0.0000	0.0000
0.1500	0.2500	0.3500	0.2500
0.1053	0.4736	0.1053	0.3158
0.2105	0.1579	0.1579	0.4736
>cluster_2192
0.0000	1.0000	0.0000	0.0000
0.0000	1.0000	0.0000	0.0000
0.0000	0.0000	1.0000	0.0000
0.0000	0.0000	0.0000	1.0000
0.0000	0.0000	0.0000	1.0000
0.2000	0.8000	0.0000	0.0000
0.0000	1.0000	0.0000	0.0000
0.0000	0.0000	1.0000	0.0000
0.0000	0.8000	0.2000	0.0000
0.0000	0.0000	0.0000	1.0000
0.0000	1.0000	0.0000	0.0000
0.0000	0.0000	0.0000	1.0000
1.0000	0.0000	0.0000	0.0000
0.0000	0.0000	1.0000	0.0000
1.0000	0.0000	0.0000	0.0000
0.0000	0.0000	0.0000	1.0000
1.0000	0.0000	0.0000	0.0000
0.0000	0.0000	0.0000	1.0000
>cluster_255
0.1769	0.2231	0.5461	0.0539
0.4461	0.2769	0.0000	0.2769
0.1154	0.6230	0.2615	0.0000
0.6488	0.2748	0.0000	0.0764
0.1077	0.0000	0.8922	0.0000
0.0000	0.0769	0.9230	0.0000
0.8769	0.1231	0.0000	0.0000
0.6000	0.1231	0.1385	0.1385
0.0769	0.1846	0.6923	0.0462
0.2769	0.1154	0.1539	0.4538
0.5923	0.1231	0.0000	0.2846
0.6899	0.1395	0.0620	0.1085
0.0231	0.4846	0.0769	0.4154
>cluster_265
0.2644	0.2371	0.2371	0.2614
0.4759	0.1337	0.0662	0.3242
0.0070	0.0037	0.9893	0.0000
0.9785	0.0070	0.0037	0.0107
0.0070	0.0000	0.0256	0.9674
0.6827	0.0037	0.0218	0.2917
0.5546	0.0908	0.2523	0.1023
>cluster_272
0.3000	0.2350	0.2300	0.2350
0.3567	0.1076	0.3790	0.1566
0.2014	0.0848	0.5472	0.1667
0.1120	0.0486	0.6322	0.2071
0.0727	0.0314	0.7692	0.1267
0.5321	0.0880	0.3191	0.0608
0.0982	0.8845	0.0088	0.0085
0.1034	0.0233	0.8199	0.0533
0.0001	0.9993	0.0002	0.0004
0.9969	0.0005	0.0019	0.0007
0.0005	0.0665	0.9143	0.0186
0.0445	0.8918	0.0629	0.0007
0.0003	0.0022	0.0008	0.9967
0.0009	0.0004	0.9981	0.0006
0.2151	0.5694	0.1164	0.0991
0.0066	0.0215	0.5841	0.3878
0.2512	0.2784	0.2917	0.1788
0.0854	0.7716	0.0278	0.1153
0.1648	0.6213	0.0667	0.1472
0.2032	0.4683	0.1108	0.2177
0.3532	0.2759	0.1926	0.1783
0.2735	0.2241	0.1840	0.3185
>cluster_350
0.1688	0.4936	0.1688	0.1688
0.1285	0.7944	0.0772	0.0000
0.1958	0.6602	0.1439	0.0000
0.6477	0.0537	0.1910	0.1075
0.1607	0.3011	0.5381	0.0000
0.0000	0.1072	0.7321	0.1607
0.0000	0.0534	0.8694	0.0772
0.0495	0.0979	0.2324	0.6202
0.5420	0.0000	0.0247	0.4332
0.5212	0.0000	0.0693	0.4095
0.1568	0.6299	0.0248	0.1885
0.5489	0.1602	0.0495	0.2413
0.1424	0.1850	0.6478	0.0247
0.0496	0.6746	0.1240	0.1518
0.1339	0.6250	0.1905	0.0506
0.1183	0.1593	0.5509	0.1714
>cluster_403
0.3137	0.1569	0.1961	0.3333
164.8710	185.9540	167.2990	246.8760
567.5100	49.2325	54.1337	183.3590
292.4140	119.7950	193.5140	161.3750
184.6950	354.0890	142.9760	85.4171
95.2163	42.7342	281.8650	463.9880
10.4527	18.6695	550.0060	188.9690
0.5410	9.0390	4.7714	757.2370
762.5500	3.9724	1.5036	0.3856
766.0470	1.4729	0.6128	0.5140
0.7405	1.2576	1.7294	766.1350
0.6045	0.9615	3.5835	763.1250
757.9020	0.0645	8.6618	0.4309
724.4790	268.1370	11.7543	32.0020
112.8200	233.1310	223.6030	197.5830
7.9410	12.5741	16.4589	14.2025
6.9338	10.5969	9.9651	20.7983
1.1780	2.1667	0.5927	0.7881
>cluster_435
0.2273	0.1826	0.2759	0.3142
0.2209	0.2227	0.3880	0.1684
0.1369	0.2800	0.3520	0.2311
0.1149	0.4514	0.1905	0.2432
0.3150	0.5371	0.1253	0.0226
0.7841	0.0929	0.1161	0.0069
0.8524	0.0058	0.1369	0.0049
0.0154	0.0013	0.9658	0.0174
0.0048	0.0118	0.9609	0.0225
0.0468	0.0902	0.1312	0.7317
0.0025	0.9450	0.0259	0.0266
0.8477	0.0271	0.1143	0.0110
0.1431	0.4311	0.2418	0.1840
0.3331	0.2554	0.2784	0.1331
0.1491	0.2738	0.4004	0.1767
0.2078	0.1905	0.3596	0.2421
0.3089	0.2615	0.1869	0.2426
>cluster_452
0.6736	0.0150	0.0899	0.2215
0.0411	0.8835	0.0180	0.0574
0.9230	0.0364	0.0277	0.0128
0.1021	0.0019	0.0022	0.8938
0.0003	0.9963	0.0004	0.0030
0.0046	0.0549	0.9404	0.0001
0.4092	0.0047	0.5683	0.0178
0.0004	0.0045	0.9948	0.0002
0.2370	0.0739	0.6682	0.0209
0.0046	0.9431	0.0476	0.0047
0.0042	0.0010	0.9931	0.0017
0.0427	0.9123	0.0327	0.0123
0.0884	0.0258	0.1056	0.7802
0.0508	0.0172	0.8881	0.0440
0.6058	0.0234	0.0403	0.3306
>cluster_467
0.2364	0.0858	0.2075	0.4703
0.5064	0.1940	0.1631	0.1366
0.4175	0.1460	0.3212	0.1152
0.0325	0.1857	0.0941	0.6876
0.1455	0.0531	0.6572	0.1442
0.8643	0.0527	0.0358	0.0472
0.0440	0.0105	0.0052	0.9402
0.3408	0.0552	0.5065	0.0975
0.9402	0.0052	0.0105	0.0440
0.0472	0.0358	0.0527	0.8643
0.1442	0.6572	0.0531	0.1455
0.6876	0.0941	0.1857	0.0325
0.2587	0.4077	0.1528	0.1808
0.1524	0.0635	0.1205	0.6636
0.4896	0.1304	0.1903	0.1897
>cluster_513
0.0000	0.0000	1.1667	0.3333
0.8333	0.0000	8.6667	0.1667
0.3333	3.0000	6.3333	0.0000
9.6667	0.0000	0.0000	0.0000
9.5000	0.0000	0.1667	0.0000
9.6667	0.0000	0.0000	0.0000
1.8333	0.5000	1.5000	2.1667
>cluster_553
0.1879	0.2317	0.0335	0.5469
0.0694	0.0012	0.8920	0.0374
0.0011	0.0014	0.0006	0.9969
0.9992	0.0008	0.0000	0.0000
0.0000	0.9992	0.0005	0.0003
0.9905	0.0008	0.0059	0.0028
0.0003	0.0014	0.9973	0.0009
0.0048	0.0006	0.0008	0.9938
0.7301	0.0311	0.1528	0.0859
0.3945	0.1000	0.1020	0.4036
0.0931	0.1543	0.0282	0.7245
0.9932	0.0019	0.0009	0.0040
0.0008	0.9981	0.0003	0.0008
0.0009	0.0051	0.0011	0.9929
0.0014	0.0000	0.9981	0.0005
0.0006	0.0003	0.0006	0.9984
0.9964	0.0011	0.0025	0.0000
0.0375	0.8946	0.0003	0.0676
0.5480	0.0386	0.2300	0.1834
>cluster_617
0.5929	0.0550	0.2180	0.1340
0.0495	0.3650	0.4840	0.1015
0.0338	0.0610	0.0132	0.8920
0.0147	0.1934	0.0383	0.7536
0.0040	0.1561	0.0093	0.8306
0.0010	0.9405	0.0107	0.0478
0.7335	0.0446	0.0272	0.1948
0.0055	0.5820	0.2677	0.1448
0.0133	0.0491	0.0003	0.9372
0.0018	0.0135	0.0030	0.9816
0.0018	0.8157	0.0047	0.1777
0.0233	0.7162	0.0057	0.2548
0.0760	0.2008	0.4056	0.3177
>cluster_630
0.0000	0.1000	0.3000	0.5999
0.2000	0.2000	0.1000	0.5000
0.0289	0.0157	0.0058	0.9497
0.0148	0.0116	0.9736	0.0000
0.0231	0.1466	0.0000	0.8303
0.0000	0.0000	1.0000	0.0000
0.0091	0.0000	0.9909	0.0000
0.0058	0.0831	0.0366	0.8745
>cluster_650
0.1765	0.0518	0.1354	0.6362
0.0860	0.0432	0.0272	0.8435
0.4389	0.0214	0.0997	0.4400
0.9583	0.0070	0.0246	0.0101
0.0519	0.4115	0.0660	0.4706
0.0495	0.0608	0.6818	0.2079
0.7834	0.0245	0.1775	0.0146
0.0885	0.1764	0.5315	0.2036
0.0050	0.1263	0.8088	0.0599
0.0282	0.1495	0.0233	0.7989
0.0324	0.0083	0.9376	0.0217
0.0823	0.2980	0.0887	0.5309
0.0930	0.1354	0.4623	0.3094
0.7619	0.0414	0.1131	0.0836
>cluster_953
0.5108	0.0000	0.4892	0.0000
0.0000	0.0000	1.0000	0.0000
0.0000	0.0000	1.0000	0.0000
0.7554	0.0000	0.2446	0.0000
0.6978	0.0000	0.3022	0.0000
0.0000	0.3813	0.6187	0.0000
0.3094	0.0000	0.1295	0.5611
0.0000	0.0000	1.0000	0.0000
0.6331	0.0000	0.3669	0.0000
0.4460	0.1511	0.4029	0.0000
